Epoch	AverageEpRet	StdEpRet	MaxEpRet	MinEpRet	EpLen	AverageVVals	StdVVals	MaxVVals	MinVVals	TotalEnvInteracts	LossPi	LossV	DeltaLossPi	DeltaLossV	Entropy	KL	ClipFrac	StopIter	Time
0	-0.4032504	0.30802423	0.22631527	-0.77339613	500.0	0.22353828	0.056569904	0.33288327	0.032420427	5000	1.859665e-08	0.11875187	-0.0208912	-0.108468555	0.91894126	0.009976326	0.1702	79.0	8.741721868515015
1	-0.54704416	0.17944725	-0.2919867	-0.96636206	500.0	-0.09223112	0.049622312	-0.0476404	-0.17894192	10000	6.16014e-09	0.0100401165	-0.020454653	-0.0032139882	0.9167971	0.015178126	0.1812	60.0	14.636389017105103
2	-0.36818805	0.31061456	0.13022554	-0.97839683	500.0	-0.12650996	0.06960432	0.005190462	-0.3091288	15000	-1.3053417e-08	0.011118036	-0.02265822	-0.0010154257	0.9150351	0.011897541	0.194	79.0	21.033042192459106
3	-0.2326406	0.3134058	0.17172019	-0.8314331	500.0	-0.10296465	0.06741956	0.024288297	-0.28799796	20000	6.1929226e-09	0.010443979	-0.023219727	-0.0013602264	0.90834624	0.01187717	0.1764	79.0	27.31247615814209
4	-0.43973857	0.21770018	-0.058719296	-0.7220691	500.0	-0.07936128	0.050825603	0.02269537	-0.23598528	25000	-1.0088831e-08	0.009258126	-0.024141558	-0.0018468183	0.9026847	0.013013608	0.1902	79.0	33.592449426651
5	-0.33629507	0.20195948	-0.123666696	-0.69836015	500.0	-0.11307667	0.05550394	0.014902316	-0.29229888	30000	3.6090613e-09	0.009704985	-0.022258352	-0.0025955709	0.8979596	0.012350707	0.1688	79.0	39.80938911437988
6	-0.26108018	0.22134173	0.23671664	-0.5341891	500.0	-0.08190197	0.061776407	0.043058284	-0.26294062	35000	-1.5434622e-08	0.006838796	-0.0230235	-0.0006441828	0.89478743	0.007694971	0.1742	79.0	46.143592834472656
7	-0.42443666	0.26310197	-0.07732593	-0.9257258	500.0	-0.08323369	0.07124881	0.048521392	-0.30514467	40000	2.0951032e-09	0.008742756	-0.0062375516	-0.0007064529	0.89149344	0.01863	0.1708	3.0	51.025261878967285
8	-0.2974535	0.37122995	0.4285389	-0.8539977	500.0	-0.1013857	0.06470368	0.024677247	-0.31230515	45000	6.748736e-09	0.011112427	-0.021296555	-0.0007384028	0.8915931	0.015228958	0.167	33.0	56.32304072380066
9	-0.09355489	0.102664396	0.054893203	-0.2856609	500.0	-0.08610412	0.07434822	0.025589876	-0.30982316	50000	-1.5336274e-08	0.00907578	-0.018834136	-0.0029259762	0.88829607	0.015086539	0.1524	41.0	61.8803277015686
10	-0.2046167	0.26495796	0.08570947	-0.7912665	500.0	-0.050902184	0.06522804	0.083554424	-0.2816591	55000	-1.3072789e-08	0.008130433	-0.021410799	-0.0009548203	0.88578	0.015063718	0.1932	27.0	67.1521463394165
11	-0.1032539	0.25322685	0.37856913	-0.55207866	500.0	-0.06734486	0.065788895	0.05766052	-0.27091506	60000	1.1253357e-08	0.0077738236	-0.023808975	-0.0006646975	0.8819596	0.0066951714	0.1692	79.0	73.56882643699646
12	-0.04532495	0.2796336	0.42159995	-0.5471206	500.0	-0.06098091	0.058885638	0.12739666	-0.2518367	65000	4.902482e-09	0.0070534325	-0.02266227	-0.0008243746	0.88406795	0.016262414	0.1936	36.0	78.97749876976013
13	-0.16606048	0.1845443	0.15218452	-0.4973681	500.0	-0.05588695	0.07008549	0.16836284	-0.25937805	70000	1.4179945e-08	0.007591208	-0.026287084	-0.0013485835	0.8849285	0.013395033	0.1984	79.0	85.30637216567993
14	-0.011895369	0.16148935	0.32815936	-0.23948683	500.0	-0.07541078	0.078169554	0.133493	-0.31392497	75000	4.5984985e-09	0.0067415335	-0.016419433	-0.0011186805	0.88384134	0.015051141	0.1718	15.0	90.23059272766113
15	0.0115439985	0.19230317	0.37558082	-0.28656393	500.0	-0.050624687	0.06575209	0.16739929	-0.24802214	80000	2.990663e-08	0.0056181885	-0.020745954	-0.00062006246	0.8853136	0.016788842	0.2034	47.0	95.79730749130249
16	-0.02247099	0.28248343	0.43892097	-0.46961176	500.0	-0.04356024	0.062821515	0.17865673	-0.23452556	85000	2.8161333e-08	0.0075645577	-0.013814481	-0.00048092753	0.8857691	0.015339943	0.193	13.0	100.75889563560486
17	0.08623856	0.17570782	0.34574437	-0.23743239	500.0	-0.042560663	0.060742415	0.16028598	-0.23345286	90000	1.9162893e-09	0.006929142	-0.0053420947	-0.000582546	0.88453853	0.015593467	0.2082	3.0	105.42449188232422
18	-0.02942579	0.23665914	0.31326994	-0.4858429	500.0	-0.030788207	0.066336945	0.19733521	-0.21455681	95000	-1.3716519e-08	0.0068612588	-0.021495806	-0.00051059294	0.88434166	0.010970026	0.1764	79.0	111.65906190872192
19	0.23018649	0.2054034	0.4921009	-0.19762915	500.0	-0.04885371	0.0671899	0.1547459	-0.24778408	100000	3.7619472e-08	0.006506254	-0.023272512	-0.0013551675	0.8795407	0.008714969	0.179	79.0	117.93801403045654
20	0.27286857	0.13554275	0.4917539	0.020265473	500.0	-0.015300378	0.0698904	0.23946127	-0.20096242	105000	2.6921928e-08	0.0056060236	-0.015383221	-0.0005135513	0.8776116	0.015722	0.2166	30.0	123.37744641304016
21	0.18965712	0.25027552	0.7058792	-0.18259396	500.0	-0.0066457344	0.06637685	0.26841423	-0.18287164	110000	-5.659908e-08	0.0070835417	-0.014401432	-0.0003504171	0.8747016	0.017586162	0.217	27.0	128.46122694015503
22	0.17439237	0.24956323	0.5587053	-0.29381984	500.0	-0.008684868	0.06891829	0.23935068	-0.20317969	115000	3.256537e-08	0.006198403	-0.02407754	-0.00018710038	0.8717732	0.010749719	0.19	79.0	134.74051642417908
23	0.25142485	0.27770406	0.80505544	-0.1443892	500.0	-0.0132842865	0.06716631	0.23404562	-0.20536678	120000	1.9432605e-08	0.007155924	-0.02423699	-0.00057888404	0.8663405	0.009190463	0.1664	79.0	141.1467318534851
24	0.30948836	0.22557639	0.6629786	-0.067994125	500.0	-0.006652679	0.071447276	0.2858764	-0.18543178	125000	-1.4614314e-08	0.006034846	-0.0032089155	-0.00048219645	0.8663012	0.016555503	0.176	3.0	145.8278148174286
25	0.44135198	0.28124338	0.86355984	-0.21884556	500.0	0.0055705514	0.07891332	0.28800243	-0.19500288	130000	3.1656338e-08	0.008737653	-0.017100953	-0.0007055821	0.86627835	0.015848147	0.185	21.0	150.81717491149902
26	0.2766132	0.17549406	0.4886779	-0.13917278	500.0	0.016946986	0.076919004	0.35114002	-0.16152547	135000	-3.3864378e-08	0.0046454254	-0.017371882	-0.0006776345	0.86393857	0.01755377	0.1896	25.0	155.9598422050476
27	0.5431315	0.26036426	0.8621375	-0.10653732	500.0	-0.0042009735	0.073131	0.29244602	-0.19027026	140000	-3.6925076e-08	0.008616536	-0.020870201	-0.002564563	0.8578342	0.0154951615	0.1934	45.0	161.5039186477661
28	0.55032295	0.1837814	0.91365176	0.24603397	500.0	0.043687638	0.08076419	0.3495731	-0.13896951	145000	2.2624434e-08	0.0055517345	0.00016944706	-0.0006644316	0.85552365	0.02158914	0.2574	1.0	166.16321277618408
29	0.43339205	0.18703984	0.72215164	0.15530321	500.0	0.030485617	0.0870773	0.39638126	-0.14160436	150000	-4.6706198e-08	0.005960239	0.0076127877	-0.0011304324	0.85553646	0.019041477	0.209	1.0	170.80604243278503
30	0.68230337	0.317545	1.1474067	0.14244357	500.0	0.020055383	0.075166695	0.32762837	-0.16063628	155000	-5.5509805e-08	0.009379813	0.0064747822	-0.0024843463	0.8555276	0.015607769	0.1796	1.0	175.57906198501587
31	0.44670263	0.3120632	0.9036352	-0.13888021	500.0	0.05457499	0.08983822	0.4133331	-0.1076614	160000	1.1301041e-08	0.0097987745	0.006151922	-0.0023681722	0.8554968	0.01624712	0.1984	1.0	180.18076729774475
32	0.7008559	0.25683528	1.112843	0.41733372	500.0	0.018023456	0.08230206	0.3439988	-0.17512462	165000	3.00169e-08	0.008667294	0.0005103542	-0.0016273456	0.85547394	0.016741477	0.2314	4.0	184.8875856399536
33	0.66400665	0.23207034	1.0135279	0.1727886	500.0	0.05506984	0.08582831	0.4045985	-0.12996006	170000	-2.4875998e-08	0.006809493	0.014147628	-0.00037223333	0.855108	0.024933342	0.2674	1.0	189.54388189315796
34	0.7229869	0.21615717	1.0088463	0.25044444	500.0	0.053822365	0.08684505	0.40773177	-0.114781275	175000	-2.1919607e-08	0.0070078042	0.0063103256	-0.00018750224	0.8549741	0.017788477	0.1772	1.0	194.2627568244934
35	0.51172197	0.23147207	0.9014333	0.16820194	500.0	0.06066421	0.0872593	0.40924692	-0.12015979	180000	2.2476911e-08	0.008301347	0.006182074	-0.0016363556	0.8548451	0.016924812	0.1834	1.0	198.93214559555054
36	0.6438024	0.16488707	0.92170393	0.3974352	500.0	0.026763324	0.08149756	0.34273934	-0.16714017	185000	1.0387599e-08	0.0062734466	0.005160433	-0.0005080728	0.8547228	0.022472419	0.2474	1.0	203.61435508728027
37	0.605597	0.20532995	0.9804472	0.36890712	500.0	0.043797497	0.08986761	0.4025919	-0.17136872	190000	-3.118515e-08	0.005662445	0.009434807	-0.00016253954	0.8546036	0.020386783	0.2512	1.0	208.2329330444336
38	0.6091374	0.24787697	0.91504776	0.12394608	500.0	0.041426767	0.09165291	0.40603215	-0.1759594	195000	4.7296287e-09	0.0074226866	0.012607796	-0.0008107503	0.8544843	0.026420215	0.2614	1.0	212.84815001487732
39	0.5882618	0.2117149	0.9323962	0.1283801	500.0	0.047037978	0.079684675	0.35321	-0.16491875	200000	5.453825e-09	0.0069829673	0.016075667	-0.0004835236	0.85436517	0.02768212	0.3384	1.0	217.46373867988586
40	0.60756963	0.24364676	1.0835857	0.16809131	500.0	0.044557005	0.0877899	0.37144217	-0.17339551	205000	-4.7695636e-08	0.0070702783	0.013380567	-0.00081396336	0.8542458	0.021433624	0.2976	1.0	222.25869798660278
41	0.6743542	0.22460411	0.9863419	0.3669256	500.0	0.04449464	0.094563924	0.37034816	-0.19159198	210000	-6.9241224e-08	0.0061278064	0.015265056	-0.00056317635	0.85410935	0.037622627	0.3746	1.0	226.90064907073975
42	0.6393963	0.13080414	0.91031545	0.39758736	500.0	0.0588114	0.09290916	0.38759556	-0.19075549	215000	-3.403425e-08	0.004974356	0.016854754	-0.00035784533	0.85398763	0.031539723	0.33	1.0	231.52321982383728
43	0.51996017	0.2812715	0.9617226	-0.017828258	500.0	0.045768164	0.09234677	0.39542082	-0.19942352	220000	3.056526e-08	0.0058849193	0.0034268661	-0.0005041212	0.8538724	0.023749769	0.2582	3.0	236.19400119781494
44	0.67472917	0.10513502	0.91103995	0.47444382	500.0	0.029334392	0.09530288	0.37230346	-0.21919072	225000	-7.242784e-08	0.0045945593	-0.0060391375	-0.00080307643	0.8534469	0.01626435	0.2226	7.0	240.96677899360657
45	0.78999305	0.11856062	0.94137067	0.52674073	500.0	0.050819773	0.0933392	0.40577596	-0.19190048	230000	8.717179e-10	0.0047992636	-0.023729442	-0.0008304762	0.85271364	0.015276395	0.182	50.0	246.61315298080444
46	0.69877374	0.23184682	1.1507574	0.22021669	500.0	0.07470303	0.09132396	0.43321073	-0.14472371	235000	4.53949e-08	0.0052661407	-0.015751403	-0.0005536424	0.8485532	0.015221606	0.153	17.0	252.155659198761
47	0.8292631	0.15095975	0.96447945	0.45748118	500.0	0.054340895	0.08851985	0.42553455	-0.15676774	240000	-7.1138144e-09	0.0050739073	-0.018756272	-0.00073467335	0.84627205	0.015767008	0.1664	29.0	257.74292826652527
48	0.6919447	0.1582197	0.9864951	0.41977865	500.0	0.072976045	0.09298775	0.46579796	-0.124673754	245000	1.9332766e-08	0.004866615	-0.0033657847	-0.00052295346	0.8444118	0.015960095	0.2046	5.0	262.51897501945496
49	0.8108021	0.19773543	1.1764358	0.51053935	500.0	0.058812764	0.09152995	0.40092522	-0.17182189	250000	4.388392e-08	0.005362518	-0.0011537239	-0.0006683888	0.8443545	0.01741336	0.215	3.0	267.220139503479
50	0.7279786	0.21938235	1.0959858	0.42163947	500.0	0.06824721	0.09617929	0.4751178	-0.13973302	255000	-6.979406e-08	0.005338193	-0.018232444	-0.00032594334	0.84424525	0.015269138	0.1668	39.0	272.6780767440796
51	0.72427976	0.19614154	1.170186	0.4253112	500.0	0.063534446	0.095059514	0.41240087	-0.17105338	260000	-5.0529838e-08	0.005524618	-0.011770133	-0.0005611805	0.84202296	0.01609242	0.1522	12.0	277.4641275405884
52	0.7089104	0.11336285	1.0085809	0.60352665	500.0	0.07080375	0.09230954	0.40116167	-0.13387428	265000	6.313324e-08	0.0043034377	-0.0035075373	-0.0005651873	0.84034187	0.01786953	0.1872	2.0	282.13904786109924
53	1.0025944	0.1381496	1.239226	0.8184591	500.0	0.057639815	0.089479014	0.41014647	-0.14824472	270000	1.631975e-08	0.0072565307	-0.0039470685	-0.0027125794	0.83994865	0.015551558	0.1384	2.0	286.77071619033813
54	0.74921584	0.16567753	1.1029071	0.4847638	500.0	0.10419824	0.09435368	0.4746467	-0.09672361	275000	8.559227e-09	0.006279419	-0.021708772	-0.0019620215	0.8396	0.015514579	0.1914	47.0	292.36860728263855
55	0.9451828	0.20439968	1.3598474	0.6347412	500.0	0.06731355	0.088222615	0.40626234	-0.14848262	280000	-1.7118454e-08	0.0051161074	-0.019120818	-0.00089393	0.83449954	0.015188334	0.2034	31.0	297.66781401634216
56	0.81245327	0.20378543	1.1358012	0.4536565	500.0	0.0930758	0.09244044	0.46649218	-0.120166495	285000	-3.015399e-08	0.005131353	-0.025613153	-0.00060553895	0.8269753	0.012484844	0.216	79.0	304.4672646522522
57	1.0027219	0.17385522	1.3117359	0.61654264	500.0	0.0712169	0.09479996	0.44741324	-0.14329231	290000	-3.7378072e-08	0.0055704075	-0.01594591	-0.0010412168	0.8204883	0.015084099	0.174	21.0	309.54106736183167
58	0.94644654	0.17720999	1.158279	0.54983944	500.0	0.096814394	0.09904241	0.50937766	-0.105360344	295000	5.724728e-08	0.0050340816	-0.01930449	-0.0005728011	0.819421	0.015393027	0.1712	47.0	315.13811469078064
59	1.0796602	0.16608153	1.2898139	0.81419796	500.0	0.08680046	0.10933075	0.5005445	-0.13734639	300000	1.9446015e-08	0.00522347	-0.017308427	-0.0010229256	0.8114487	0.0161502	0.2146	49.0	320.81093978881836
60	1.1216276	0.15283912	1.384378	0.85931134	500.0	0.113358885	0.10515755	0.51262987	-0.091999464	305000	-6.3219666e-08	0.0038228657	-0.011364952	-0.00027201348	0.8053454	0.015053395	0.2124	20.0	325.98744654655457
61	1.1016743	0.20900147	1.4232864	0.6573709	500.0	0.11082229	0.11592305	0.54365027	-0.11539958	310000	-5.9098006e-09	0.004520443	-0.0012376494	-0.0002415399	0.8011758	0.021576399	0.1796	3.0	330.69020676612854
62	1.2311047	0.2010745	1.5143057	0.8986261	500.0	0.10883574	0.108409226	0.53821677	-0.10710388	315000	1.578927e-08	0.0052449396	-0.0216225	-0.0010030521	0.8005572	0.013470158	0.1658	79.0	337.0832772254944
63	1.1819899	0.20227624	1.4433585	0.76703703	500.0	0.13563955	0.104942344	0.5391722	-0.06383057	320000	-1.28626825e-08	0.0054063345	-0.016339887	-0.00042711804	0.8021586	0.015120293	0.1912	15.0	342.0350637435913
64	1.1218226	0.18417442	1.4663312	0.81692344	500.0	0.12173164	0.11178908	0.5483124	-0.10865691	325000	-7.219911e-08	0.00437386	-0.013465842	-0.0007890896	0.80179095	0.015653793	0.182	13.0	347.13826870918274
65	1.260949	0.16796662	1.5513821	1.0134407	500.0	0.10752395	0.12473317	0.57646316	-0.116228245	330000	4.247278e-08	0.0071590333	-0.008734866	-0.0018572784	0.80062985	0.016801657	0.138	4.0	351.8211793899536
66	1.2251133	0.28330788	1.5319729	0.560431	500.0	0.14232793	0.11304783	0.5463365	-0.08252897	335000	2.719164e-08	0.006476945	-0.012025724	-0.00036126887	0.80009	0.016596174	0.1794	12.0	356.66819620132446
67	1.237519	0.10987872	1.355532	0.99672365	500.0	0.13310683	0.111990586	0.55184406	-0.06752516	340000	3.38912e-08	0.0038087573	-0.016338713	-0.00014819973	0.7980238	0.016727548	0.1988	27.0	361.82435154914856
68	1.3049626	0.19624364	1.7161639	0.9976082	500.0	0.12881006	0.1185198	0.5765514	-0.06839069	345000	1.8155575e-08	0.0049204845	-0.010813104	-0.0002674749	0.7960712	0.015348298	0.196	13.0	366.6757655143738
69	1.3436791	0.13749522	1.5441192	1.1403825	500.0	0.13448907	0.12588273	0.60940945	-0.052808292	350000	-2.6926399e-08	0.0043451567	-0.020246413	-0.00025700126	0.7956889	0.016205577	0.191	29.0	371.84750270843506
70	1.2807344	0.14592308	1.4436882	0.95187926	500.0	0.13806741	0.13698521	0.64368993	-0.0917311	355000	4.3851138e-08	0.0041051027	-0.0036505638	-0.0002942183	0.7896778	0.016350957	0.1798	3.0	376.66661763191223
71	1.2053647	0.1467091	1.428899	0.9450432	500.0	0.13402095	0.1259751	0.60818005	-0.06631343	360000	1.667738e-08	0.0043072803	-0.008661586	-0.00031688297	0.78922904	0.016112398	0.1924	10.0	382.2795114517212
72	1.134386	0.22145315	1.5577319	0.78856146	500.0	0.12286184	0.120191194	0.5790375	-0.07474243	365000	1.3226271e-08	0.0045731184	-0.0030461058	-0.00034359656	0.78779924	0.018878387	0.171	2.0	386.95785665512085
73	1.3986104	0.10858059	1.6163583	1.264928	500.0	0.11194329	0.117808454	0.55835956	-0.11376404	370000	3.2337756e-08	0.0062781065	0.010560252	-0.00244978	0.78749204	0.020520793	0.2718	1.0	391.55872225761414
74	1.276788	0.19061714	1.6290394	0.8595273	500.0	0.15284567	0.1327032	0.6238379	-0.053180054	375000	-3.437996e-08	0.005260038	0.016400117	-0.0014644605	0.78732866	0.0309657	0.3064	1.0	396.21152925491333
75	1.3952761	0.101545915	1.5459697	1.2013568	500.0	0.12225237	0.1324812	0.6339105	-0.10764694	380000	-2.5993586e-08	0.004753899	0.011900253	-0.0008682546	0.7871762	0.016718874	0.216	1.0	400.827739238739
76	1.4183004	0.1721473	1.6804639	1.1068565	500.0	0.1494782	0.13007854	0.6367404	-0.07029457	385000	-4.9663708e-08	0.0042947764	0.008406286	-0.00038703578	0.7870106	0.020676361	0.2334	1.0	405.4779624938965
77	1.4422158	0.16804647	1.655685	1.1287508	500.0	0.15895182	0.12257956	0.6157695	-0.039178036	390000	8.325204e-08	0.004101168	0.00795542	-0.0003836737	0.7868239	0.02281482	0.2252	1.0	410.0858142375946
78	1.4175327	0.11796718	1.6025996	1.2515172	500.0	0.15741569	0.1326656	0.6434567	-0.037706748	395000	3.0857326e-08	0.0031755292	0.00954094	-0.0003240388	0.78664243	0.018189056	0.2126	1.0	414.71202540397644
79	1.4027607	0.21925925	1.8216078	1.1155896	500.0	0.15928312	0.12347705	0.61995286	-0.01747062	400000	7.1311e-08	0.0050410004	0.006269415	-0.00041772984	0.786461	0.021567276	0.1866	1.0	419.3857572078705
80	1.4296186	0.2100949	1.8699936	1.1498817	500.0	0.15608823	0.12020465	0.6180563	-0.049442545	405000	-1.5413017e-08	0.0050439555	0.011671076	-0.0006809756	0.7862973	0.017544897	0.2404	1.0	424.03062748908997
81	1.4467317	0.09836867	1.5890728	1.3064387	500.0	0.1584688	0.13380459	0.64348036	-0.03794039	410000	8.573234e-08	0.0031172528	0.006955924	-0.000247268	0.7861143	0.018231262	0.2216	2.0	428.74291467666626
82	1.4181733	0.13943507	1.6540415	1.1836298	500.0	0.1630343	0.13070844	0.6248727	-0.01650177	415000	3.4213066e-08	0.0034256165	0.020385621	-9.54601e-05	0.78575945	0.035069983	0.3424	1.0	433.3701825141907
83	1.444415	0.18455726	1.7212619	1.1626343	500.0	0.15950203	0.12885344	0.61570656	-0.019375458	420000	7.628203e-08	0.003989571	0.023567658	-4.6316534e-05	0.78559554	0.04336243	0.3592	1.0	438.00393509864807
84	1.4032438	0.18097636	1.6790626	1.185655	500.0	0.16130744	0.12993447	0.63013375	-0.020517066	425000	-2.7167797e-08	0.0040938677	0.020502666	-0.00031758915	0.78540087	0.032405727	0.3078	1.0	442.6490569114685
85	1.4177486	0.16149837	1.7360232	1.1103528	500.0	0.151988	0.13228677	0.6368268	-0.038251698	430000	-4.7147275e-08	0.0035001389	0.011476692	-0.00049486896	0.7852103	0.018216357	0.2128	1.0	447.34956431388855
86	1.248427	0.19123219	1.5838765	1.020442	500.0	0.16098769	0.12036271	0.6140482	-0.0045556277	435000	-6.3234566e-08	0.0042212377	0.0073400154	-0.0012007752	0.78500843	0.02130913	0.2046	1.0	451.98840737342834
87	1.4937289	0.14184059	1.6484143	1.2265503	500.0	0.13335127	0.11420991	0.5716152	-0.04915549	440000	1.9380451e-08	0.0057345317	0.009959532	-0.0029552171	0.7848444	0.021746378	0.23	1.0	456.58928418159485
88	1.3565526	0.1634124	1.6202658	1.0940983	500.0	0.1773167	0.1191548	0.6081168	0.029135339	445000	-9.05931e-08	0.0041231285	0.009326082	-0.000716727	0.78467995	0.023561347	0.2518	1.0	461.21994495391846
89	1.3082497	0.2229856	1.6376517	0.77850974	500.0	0.15593743	0.10893597	0.57670027	0.015496463	450000	5.502701e-08	0.004009654	0.0076913177	-0.0010004849	0.78451765	0.020676576	0.2108	1.0	465.81398034095764
90	1.321299	0.10341592	1.4771315	1.1422284	500.0	0.13740338	0.1127069	0.6039207	-0.033867516	455000	8.8721514e-08	0.002741646	0.0052230214	-0.00036618183	0.78434294	0.016735515	0.1276	1.0	470.48590087890625
91	1.311438	0.17276429	1.6666579	1.116095	500.0	0.1463798	0.11028559	0.5866907	-0.015038811	460000	-3.6385657e-08	0.003602234	-0.0014364492	-0.00044915313	0.78419423	0.015550587	0.1732	2.0	475.1784076690674
92	1.3501794	0.13836288	1.5600512	1.143928	500.0	0.14497629	0.09973077	0.5798692	-0.015244067	465000	-1.4454127e-08	0.0033707202	0.006806668	-0.000540124	0.7838481	0.01504982	0.1832	1.0	480.0655789375305
93	1.4004132	0.07799468	1.5201819	1.2703559	500.0	0.14363682	0.11203746	0.62655276	-0.0017703548	470000	-4.042387e-08	0.0027367263	0.0060098884	-0.00035632844	0.78367877	0.01729663	0.229	2.0	484.7437560558319
94	1.4091033	0.1610766	1.7276564	1.1343764	500.0	0.15721329	0.10922214	0.6080015	0.005277373	475000	1.083374e-07	0.0030474258	0.026997278	-0.00012379652	0.7833206	0.05012039	0.4322	2.0	489.3426477909088
95	1.3120306	0.21546142	1.7275306	0.94466513	500.0	0.15808684	0.10811392	0.60789925	0.00047955662	480000	3.439784e-08	0.0035246143	0.03622816	-0.000255876	0.7829304	0.04441264	0.4018	1.0	494.02935457229614
96	1.4699821	0.09011746	1.6002631	1.294541	500.0	0.1451905	0.1080228	0.58260405	0.00268545	485000	3.6515295e-09	0.0031331903	0.029719714	-0.00091573386	0.7827506	0.053629432	0.3966	1.0	498.69822692871094
97	1.5320976	0.12600398	1.8049115	1.3941553	500.0	0.16766714	0.12012576	0.6203311	0.013588443	490000	-6.0987475e-08	0.0025973313	0.015842605	-0.00023937877	0.7825776	0.027994059	0.249	1.0	503.3409790992737
98	1.5816977	0.17237498	1.9953477	1.4012207	500.0	0.17957991	0.11778561	0.627224	0.022414908	495000	-6.229281e-08	0.0036689597	0.016881132	-0.00021484937	0.7824088	0.035958566	0.2962	1.0	508.01275634765625
99	1.4952468	0.12704392	1.7605454	1.284966	500.0	0.188143	0.121246554	0.6363292	0.039823167	500000	2.617836e-08	0.0030115568	0.017868742	-0.00064743636	0.78227466	0.029544095	0.2848	1.0	512.7012288570404
100	1.5319511	0.10872539	1.7706789	1.4264249	500.0	0.17060064	0.12645765	0.6344441	0.009497382	505000	-4.46558e-08	0.002860421	0.016092986	-0.0001665838	0.7821316	0.028226623	0.2474	1.0	517.3929839134216
101	1.5503294	0.120092675	1.820639	1.3611434	500.0	0.17353003	0.12221869	0.6494618	0.019409254	510000	-3.7926437e-08	0.0031530138	0.016435578	-0.00059092697	0.7819929	0.0344198	0.259	1.0	522.4900436401367
102	1.4308972	0.12791331	1.6660601	1.1956657	500.0	0.18983743	0.12019151	0.6065879	0.050270833	515000	4.259944e-08	0.0037575068	0.010903503	-0.0011550316	0.7818667	0.024604887	0.2152	1.0	527.166033744812
103	1.4945098	0.14200811	1.711769	1.2635826	500.0	0.16289747	0.11400933	0.6121168	0.009958081	520000	1.4224648e-08	0.0029675618	0.005289328	-0.00029963907	0.7817403	0.016664652	0.1578	1.0	531.8307638168335
104	1.5508859	0.13725105	1.8884724	1.4016551	500.0	0.17466691	0.115573205	0.6145639	0.019072838	525000	4.3994188e-08	0.0034505783	0.0069920467	-0.0002617573	0.7815817	0.030130774	0.2254	1.0	536.4263803958893
105	1.4653705	0.15698148	1.7393727	1.2033664	500.0	0.17781293	0.124657504	0.653919	0.021986373	530000	-5.1754714e-08	0.004159925	0.012536496	-0.00022518635	0.7814165	0.034270942	0.2668	1.0	541.1906428337097
106	1.4959365	0.14529702	1.833639	1.2979249	500.0	0.17041165	0.1154077	0.61259437	0.0123097	535000	-3.9598344e-08	0.0035830045	0.01944058	-0.00041943602	0.78123575	0.03133827	0.2988	1.0	545.7881255149841
107	1.5640194	0.12783988	1.8242259	1.2953886	500.0	0.17757541	0.1111689	0.6099647	0.031186037	540000	2.0691752e-08	0.003694094	0.026717827	-0.0009792282	0.7810625	0.034682408	0.342	1.0	550.4453783035278
108	1.493246	0.067658804	1.5619714	1.3481526	500.0	0.18434493	0.13041845	0.6386488	0.029107489	545000	2.259612e-08	0.0027977831	0.025788449	-0.00020638434	0.7809217	0.043724127	0.3254	1.0	555.1480824947357
109	1.5510818	0.09301431	1.782956	1.4613512	500.0	0.17235853	0.12959366	0.6275706	0.015158452	550000	-1.3956279e-07	0.0034532303	0.020141564	-0.0006145234	0.78079367	0.04199503	0.3308	1.0	559.7313852310181
110	1.4771734	0.124624215	1.708044	1.3071856	500.0	0.18100035	0.11843348	0.6491559	0.02695965	555000	5.2773952e-08	0.0029119912	0.020748716	-0.00043766643	0.78065956	0.039275903	0.3032	1.0	564.4386563301086
111	1.4598013	0.10247987	1.6734072	1.3414807	500.0	0.16899781	0.12741192	0.6323439	-0.006047316	560000	-6.777644e-08	0.0031838263	0.016691316	-0.0004317714	0.7805375	0.028299728	0.235	1.0	569.0834918022156
112	1.4612863	0.18509799	1.8269922	1.1675049	500.0	0.17586407	0.11630113	0.58291316	0.016027376	565000	2.1314621e-08	0.0037377216	0.003507719	-0.00043374905	0.7804146	0.016519433	0.2152	1.0	573.7497930526733
113	1.5607789	0.11478179	1.7197895	1.3311996	500.0	0.16569623	0.12593451	0.63168347	0.023279943	570000	-1.4108419e-08	0.0035234496	0.009410364	-0.00048591848	0.7802974	0.017179374	0.2046	1.0	578.3757312297821
114	1.5568786	0.11745744	1.7279164	1.3014139	500.0	0.18382826	0.13144952	0.6415154	0.032290705	575000	2.2703409e-08	0.0032193267	0.01155783	-0.00017945329	0.78017414	0.01779504	0.2382	1.0	582.991806268692
115	1.5096285	0.13264924	1.6834964	1.2324774	500.0	0.18166387	0.12900497	0.64204556	0.022737086	580000	1.4173985e-08	0.0040141726	0.01414246	-0.0003763286	0.7800658	0.027640847	0.255	1.0	587.5971689224243
116	1.5179852	0.21477333	1.9636184	1.1244084	500.0	0.17109248	0.12798207	0.6473749	0.025484547	585000	9.881779e-08	0.0042317677	0.017061876	-0.00023926934	0.77996653	0.03503305	0.2612	1.0	592.2912406921387
117	1.4744751	0.12417498	1.6839536	1.3236365	500.0	0.17624539	0.13287947	0.64171135	0.00821799	590000	7.3629614e-08	0.003620294	0.017585345	-0.0006975576	0.77985907	0.028868249	0.2746	1.0	596.9181740283966
118	1.424168	0.119847	1.6266999	1.2213466	500.0	0.16298808	0.13654909	0.6493585	-0.0056678504	595000	-1.0572076e-07	0.0034850177	0.011478678	-0.0004683209	0.7797259	0.033475045	0.361	2.0	601.5768795013428
119	1.396025	0.16263446	1.7094344	1.2050617	500.0	0.16307539	0.12260718	0.60952795	0.02304165	600000	-5.171895e-08	0.004146614	0.032514382	-0.00017795945	0.77942467	0.053057496	0.394	1.0	606.2240655422211
120	1.4477218	0.13991694	1.6205823	1.1979456	500.0	0.16488121	0.11883262	0.5955783	0.019702189	605000	-1.11073255e-07	0.004725957	0.030578844	-0.00024642004	0.77926517	0.049582113	0.4042	1.0	610.9753842353821
121	1.5755961	0.23178267	1.8948381	1.1809418	500.0	0.16495246	0.12391415	0.618139	0.0035528615	610000	-7.95871e-08	0.0045710425	0.027352383	-0.0006498047	0.7791189	0.043592762	0.3576	1.0	615.6172552108765
122	1.5335902	0.13706717	1.7466782	1.3062997	500.0	0.18269746	0.13351868	0.66435224	0.016067937	615000	2.3466349e-08	0.0030942482	0.019898107	-0.00018792949	0.7789607	0.025537342	0.2732	1.0	620.2655403614044
123	1.5042989	0.1339008	1.8322163	1.299381	500.0	0.18157764	0.12684248	0.62826693	0.019256376	620000	1.502037e-08	0.0030863953	0.0070232395	-0.0002964465	0.7788093	0.015739458	0.1324	1.0	624.9631586074829
124	1.7295134	0.16401348	2.086569	1.4977651	500.0	0.1731264	0.12518238	0.6361127	-0.00419195	625000	-8.176863e-08	0.004663922	0.0037111572	-0.0013142461	0.7786631	0.020198978	0.1896	2.0	629.6357555389404
125	1.6275527	0.1523894	1.8486663	1.3148289	500.0	0.20531484	0.1380076	0.68472373	0.0410498	630000	-5.6940316e-08	0.0034730774	0.014518897	-0.0003845631	0.7783851	0.030500583	0.2852	1.0	634.2450239658356
126	1.6504761	0.17931776	1.9254979	1.2957634	500.0	0.19332917	0.13058107	0.6487912	0.034103252	635000	-3.310144e-08	0.0031033538	0.026023535	-0.00016346411	0.77824605	0.054012273	0.3592	2.0	638.9201328754425
127	1.6189296	0.1301908	1.8035326	1.3396454	500.0	0.19289908	0.13370281	0.6784835	0.047275446	640000	6.198883e-09	0.0031974048	0.051364124	-0.0001346278	0.7780214	0.12236116	0.4474	1.0	643.5317993164062
128	1.5931882	0.19209376	2.0154471	1.3306553	500.0	0.18861534	0.13482104	0.67967397	0.024133183	645000	4.428029e-08	0.003753692	0.035684027	-0.00016134605	0.7779152	0.07956437	0.4118	1.0	648.1488914489746
129	1.642013	0.10220129	1.7862455	1.4648257	500.0	0.18917039	0.13189986	0.65272826	0.033946984	650000	-5.5378674e-08	0.003121434	0.020860532	-0.00014216616	0.77780336	0.043530773	0.2864	1.0	652.9345033168793
130	1.5817579	0.14175035	1.8321571	1.4212015	500.0	0.19300987	0.13575025	0.69488263	0.042774044	655000	2.862215e-08	0.0041109435	0.010818201	-0.00049952837	0.77769095	0.022107463	0.1754	1.0	657.6076791286469
131	1.5132203	0.12869576	1.718544	1.2762519	500.0	0.18463281	0.12488618	0.6622355	0.025823973	660000	1.5944243e-08	0.0033829357	0.006394672	-0.0003001506	0.77758783	0.02209812	0.222	1.0	662.1949291229248
132	1.51745	0.13326374	1.8035668	1.3083669	500.0	0.1704162	0.12547745	0.6603362	0.02301836	665000	-1.36673455e-08	0.0031421897	0.01063231	-0.00045266352	0.7774712	0.025616376	0.2378	1.0	666.8139069080353
133	1.5664064	0.12730192	1.833362	1.3664209	500.0	0.17061356	0.12619697	0.67269766	-0.012034215	670000	9.561777e-08	0.0024896753	0.005622056	-0.00023925095	0.77735263	0.024285538	0.2618	3.0	671.4595320224762
134	1.5474422	0.13392177	1.8397572	1.3556483	500.0	0.1786691	0.1249523	0.6808516	-0.00023168325	675000	-2.5135279e-08	0.0028499067	0.012880969	-0.00012356578	0.7769774	0.030558508	0.2648	1.0	676.1440072059631
135	1.6906776	0.093582176	1.7949443	1.5045015	500.0	0.17613034	0.12772788	0.6817706	-0.008416764	680000	2.3681112e-08	0.0041126707	0.019502874	-0.0012173508	0.77683264	0.027565844	0.315	1.0	680.7682206630707
136	1.5842879	0.15355057	1.7283812	1.1955327	500.0	0.2009932	0.14010118	0.69360423	0.043580063	685000	-1.8318892e-07	0.004029667	0.018259631	-0.00073397416	0.7766778	0.024886053	0.33	1.0	685.4779210090637
137	1.6004488	0.17901684	1.870936	1.2793345	500.0	0.17741038	0.13531512	0.6914093	0.03154373	690000	-6.8220494e-08	0.0043776114	0.008035614	-0.00033320766	0.77654463	0.020749947	0.2246	1.0	690.1000030040741
138	1.6166292	0.18005487	1.865592	1.376131	500.0	0.17853184	0.14058037	0.71852064	-0.013424523	695000	-2.000034e-08	0.0048789033	0.013549148	-0.00073136855	0.77641565	0.02722142	0.3146	1.0	694.8709614276886
139	1.7675426	0.14803027	2.0271583	1.5623797	500.0	0.17419821	0.15957694	0.75095624	-0.022180408	700000	-3.2611192e-09	0.004629799	0.024671048	-0.0010621108	0.77628314	0.034658324	0.3476	1.0	699.502667427063
140	1.6806452	0.08797199	1.8220028	1.516546	500.0	0.19978355	0.16364461	0.77374566	0.035285525	705000	-9.7620486e-08	0.0036679187	0.018061297	-0.000564269	0.7761685	0.03522533	0.2738	1.0	704.2026331424713
141	1.7214168	0.14556709	1.9812982	1.4523761	500.0	0.18757209	0.16359231	0.75279653	0.021279909	710000	4.5120716e-09	0.0034075954	0.013781801	-0.00022982596	0.7760552	0.030509323	0.2424	1.0	708.8062295913696
142	1.7099854	0.19435872	1.9814621	1.3323591	500.0	0.19441552	0.16307464	0.75752085	0.029529482	715000	3.988482e-08	0.004777274	0.00636654	-0.00035040593	0.77595407	0.022894997	0.1914	1.0	713.3749196529388
143	1.7395055	0.22378993	1.9840201	1.2154362	500.0	0.18912667	0.16323233	0.77181983	0.013286464	720000	-8.225441e-10	0.00465839	0.008759797	-0.0005644937	0.77584094	0.021835811	0.1686	1.0	718.0360035896301
144	1.6804495	0.13598596	1.8851444	1.4367115	500.0	0.1961871	0.1581799	0.7635637	0.020623706	725000	5.9533118e-08	0.0036160278	0.008159025	-0.00019784807	0.7757336	0.018152038	0.1682	1.0	722.6386573314667
145	1.8272657	0.2152004	2.0773733	1.3905666	500.0	0.18978767	0.15399316	0.73961025	0.03090132	730000	-3.865659e-08	0.0047006584	0.00578457	-0.0008811774	0.77563304	0.021782562	0.1994	1.0	727.26735496521
146	1.8604943	0.1549479	2.0779147	1.5965536	500.0	0.20511274	0.17081359	0.80207825	0.018679976	735000	1.18166206e-07	0.003590558	0.0059913737	-0.00031061633	0.7755672	0.022144584	0.1924	1.0	731.8643848896027
147	1.8439556	0.14814259	2.0803337	1.6592983	500.0	0.21600737	0.16296868	0.78889716	0.03984011	740000	5.0872565e-08	0.0029694291	0.00899424	-0.00012124283	0.77551484	0.01884581	0.2138	1.0	736.6011924743652
148	1.7450413	0.21037078	2.048921	1.4324925	500.0	0.21885157	0.16077842	0.76451993	0.03824769	745000	-8.9854005e-08	0.0042528305	0.008524325	-0.00058807875	0.77547187	0.016460234	0.1656	1.0	741.4885246753693
149	1.7389666	0.2242219	2.1387284	1.4398174	500.0	0.19829714	0.15697348	0.75842035	0.0330455	750000	4.8220157e-09	0.00368628	0.0136409495	-0.00011876016	0.7754411	0.029799908	0.1826	1.0	746.1259098052979
150	1.8327341	0.2064597	2.1777315	1.4596784	500.0	0.19956587	0.15551534	0.75006366	0.033114374	755000	-7.1771446e-08	0.003957201	0.013617282	-0.00034281588	0.7753909	0.019455964	0.2194	1.0	750.831226348877
151	1.7766259	0.12388592	1.9963255	1.5590882	500.0	0.211696	0.15396844	0.76663864	0.040319912	760000	3.1274556e-08	0.0030440674	0.008580313	-0.00017559086	0.77534646	0.019222353	0.2094	1.0	755.5771837234497
152	1.7518151	0.15910062	1.9794774	1.4445668	500.0	0.20373093	0.15391718	0.7608003	0.042036615	765000	3.00169e-08	0.0034137927	0.015036173	-0.00024134596	0.77528673	0.028922299	0.258	1.0	760.2052779197693
153	1.6476988	0.12779336	1.8633447	1.4463447	500.0	0.19595459	0.14995548	0.7661876	0.041211464	770000	-4.6253206e-08	0.0034500451	0.009761501	-0.00041798525	0.77521586	0.030901572	0.3368	2.0	764.8050231933594
154	1.7756275	0.13827665	2.0307999	1.5936726	500.0	0.19514327	0.13967709	0.7163556	0.0468065	775000	3.027916e-08	0.003747985	0.018532952	-0.0005011356	0.7750064	0.03525653	0.2472	1.0	769.4249799251556
155	1.7014087	0.12531853	1.9104186	1.4889339	500.0	0.2045349	0.15153758	0.7630758	0.051050186	780000	-8.761883e-09	0.0033855594	0.016793637	-0.0006170536	0.7748805	0.044445843	0.2398	1.0	774.0307905673981
156	1.6970606	0.109756425	1.9144464	1.5419757	500.0	0.1939383	0.15220429	0.7426935	0.049092308	785000	-5.6026877e-08	0.0032629005	0.024077186	-0.0004166353	0.77477515	0.051044058	0.3128	1.0	778.6415576934814
157	1.7299926	0.14305793	1.9470294	1.4448258	500.0	0.19457965	0.1441238	0.73509693	0.044238716	790000	-5.4135917e-08	0.0028940025	0.02931149	-0.00014969753	0.7746582	0.05319073	0.3248	1.0	783.2482810020447
158	1.7330586	0.1411528	2.0151224	1.5243685	500.0	0.20123816	0.14434226	0.73672515	0.05044326	795000	1.5455484e-08	0.002600759	0.020644933	-0.0002112696	0.774549	0.035928357	0.3078	1.0	788.1032466888428
159	1.9569843	0.10696522	2.118713	1.8109841	500.0	0.19664991	0.14801244	0.7534733	0.050365977	800000	-1.023598e-07	0.0044277613	0.026561446	-0.0011206071	0.77442986	0.04390054	0.3508	1.0	793.1464598178864
160	1.6990156	0.17691253	1.9500554	1.4209025	500.0	0.23455264	0.1576461	0.77168345	0.08229438	805000	-7.23362e-08	0.006790901	0.023911646	-0.0023359028	0.77432907	0.047955126	0.3828	1.0	797.8867070674896
161	1.6573865	0.19306798	1.9728096	1.2673858	500.0	0.19744089	0.13652699	0.7165561	0.06373656	810000	-5.275607e-08	0.004287841	0.026402036	-0.0003201873	0.7742355	0.047614	0.3754	1.0	802.6055827140808
162	1.7994223	0.16861983	2.0115497	1.5134149	500.0	0.18574676	0.13726716	0.72978383	0.05178713	815000	-1.4221072e-07	0.0045192186	0.017779019	-0.00044351676	0.7741413	0.034688693	0.3038	1.0	807.2209658622742
163	1.6366135	0.18961108	1.9915242	1.3677951	500.0	0.20283957	0.14540222	0.7818911	0.06047471	820000	-2.643466e-08	0.0039957846	0.030690804	-0.00045206817	0.77405626	0.061870735	0.413	1.0	811.7530376911163
164	1.6885729	0.14223675	2.0199373	1.5231086	500.0	0.18643025	0.13840106	0.7247326	0.039138272	825000	1.0427237e-07	0.0038261306	0.06984188	-0.0002530818	0.7739579	0.15035278	0.527	1.0	816.3694498538971
165	1.6191505	0.1785447	1.8869623	1.316206	500.0	0.18627645	0.14627394	0.77011716	0.026378036	830000	2.7477741e-08	0.004378885	0.06202959	-0.00032168534	0.7738797	0.08757362	0.483	1.0	820.965651512146
166	1.4727079	0.1400376	1.7006197	1.2061002	500.0	0.174953	0.14316744	0.74964523	0.022851758	835000	-1.6474724e-08	0.004575736	0.040003926	-0.0007507305	0.77378815	0.06890194	0.4058	1.0	825.5348873138428
167	1.4738164	0.16796881	1.8366746	1.2860403	500.0	0.15019284	0.14150298	0.7349385	-0.008138396	840000	-4.6253206e-09	0.0045404863	0.027972128	-0.00043122424	0.7736989	0.0494802	0.2906	1.0	830.1280279159546
168	1.640585	0.15145235	1.9284494	1.3389956	500.0	0.14601667	0.13119371	0.7528899	0.006327316	845000	1.4033914e-08	0.0059124064	0.037525795	-0.0013894574	0.7736223	0.09056627	0.4702	1.0	834.7824673652649
169	1.569965	0.19888698	1.9015858	1.1899135	500.0	0.17362514	0.14599156	0.783014	0.0075406134	850000	-2.6905537e-08	0.0058151	0.066874176	-0.00022483151	0.7735335	0.12818523	0.5662	1.0	839.4041185379028
170	1.6372852	0.17567213	1.9080085	1.2669879	500.0	0.1691737	0.14394322	0.73844504	-0.0039045885	855000	1.0675192e-08	0.005279747	0.09950844	-0.00032687187	0.77344185	0.24025813	0.5744	1.0	844.1384530067444
171	1.7754097	0.2252755	2.1885326	1.3689307	500.0	0.17334986	0.15899819	0.78881127	-0.016819172	860000	6.4888596e-08	0.0053038364	0.080952816	-0.0005082828	0.77335083	0.24914108	0.5766	1.0	848.8005819320679
172	1.7131811	0.24547303	2.077542	1.3041657	500.0	0.20063832	0.15897281	0.7720044	0.048895217	865000	-1.8888713e-08	0.0062340223	0.07202973	-0.00064905453	0.7732629	0.14860046	0.4868	1.0	853.4156548976898
173	1.6897084	0.30775005	2.181676	1.2041612	500.0	0.1831545	0.16524978	0.7922181	0.030434437	870000	-5.5620074e-08	0.0060672862	0.04487939	-0.00018154457	0.7731786	0.09521554	0.3794	1.0	858.1670441627502
174	1.7262062	0.2004044	1.9846991	1.3864679	500.0	0.18208858	0.1621606	0.784331	0.026558071	875000	-1.00570915e-07	0.004988657	0.039380595	-0.0002717506	0.7730745	0.06495579	0.338	1.0	862.8227190971375
175	1.5330079	0.19850487	1.8224971	1.2250831	500.0	0.1871471	0.1699163	0.77940816	0.024578482	880000	-2.3156405e-08	0.0068559386	0.028916566	-0.001307087	0.77297974	0.043801125	0.356	1.0	867.4253027439117
176	1.5448338	0.1926298	1.8708842	1.2352365	500.0	0.16131504	0.1508337	0.71387	0.017983466	885000	3.578067e-08	0.0061793756	0.023703506	-0.0006481493	0.7728806	0.03437646	0.3384	1.0	871.9884386062622
177	1.5042938	0.1891478	1.8206182	1.1754394	500.0	0.15890989	0.1455903	0.7388279	-0.0064459294	890000	-3.36349e-08	0.006193291	0.014376625	-0.00037756003	0.77278733	0.03658708	0.2674	1.0	876.5778167247772
178	1.6945	0.18286885	1.9083488	1.3788667	500.0	0.16079126	0.14649276	0.70255274	0.006042592	895000	9.0754035e-08	0.005580684	0.017970059	-0.00065369904	0.772697	0.031608585	0.2922	1.0	881.1809659004211
179	1.4681139	0.19040234	1.737208	1.1799818	500.0	0.17391655	0.15773004	0.8065743	0.015149154	900000	-4.4482945e-08	0.005996752	0.022587126	-0.001117555	0.77260906	0.031486712	0.3108	1.0	885.8121209144592
180	1.494384	0.1901134	1.8665022	1.2697796	500.0	0.14599605	0.1455397	0.74655616	-0.0064522848	905000	-6.3175705e-08	0.004723011	0.013229732	-0.0003324151	0.7725278	0.03188465	0.2514	1.0	890.520229101181
181	1.4724228	0.14268626	1.778288	1.2512909	500.0	0.15030652	0.15006216	0.74604034	0.003606066	910000	-7.009506e-08	0.004773449	0.004629468	-0.00044397265	0.7724323	0.02194254	0.2474	1.0	895.1295554637909
182	1.4908947	0.18659915	1.9517701	1.2203999	500.0	0.1528193	0.14125016	0.72841084	-0.003211856	915000	6.5261126e-08	0.0061637904	0.014809149	-0.00040213717	0.7723021	0.027783813	0.3308	1.0	899.7336432933807
183	1.5415851	0.23550183	2.0642023	1.1260681	500.0	0.14558955	0.15055764	0.7659179	-0.004130639	920000	-6.994605e-08	0.0063931914	0.018171465	-0.00027394667	0.7721809	0.034552686	0.3336	1.0	904.3505182266235
184	1.4240372	0.2484214	1.7664815	0.9275544	500.0	0.15446395	0.14723285	0.7839866	-0.0024886727	925000	1.14643576e-07	0.006113352	0.028509535	-0.00063826516	0.77205557	0.061907757	0.4124	1.0	909.1522574424744
185	1.5173647	0.1866671	1.8925083	1.1856675	500.0	0.1443541	0.13625677	0.7180711	0.00096449256	930000	-1.085788e-07	0.004712932	0.0326834	-0.00050966535	0.7719412	0.067494474	0.4138	1.0	913.7110903263092
186	1.4165285	0.16643791	1.8033857	1.2642987	500.0	0.15914226	0.13750388	0.75004905	0.0050628036	935000	-9.146854e-08	0.0055949134	0.03248797	-0.0008492917	0.7718002	0.055807494	0.3878	1.0	918.3231108188629
187	1.5235339	0.21507302	1.8113871	1.1392341	500.0	0.14423227	0.1401382	0.70749253	-0.063244954	940000	-4.235506e-08	0.005589921	0.049552258	-0.00055516325	0.77167	0.098868534	0.419	1.0	923.5909337997437
188	1.5189614	0.25622067	1.8989905	1.1910987	500.0	0.1560028	0.13183054	0.7633462	-0.047305502	945000	9.911656e-08	0.0063863564	0.06177009	-0.0002691797	0.77154726	0.13508342	0.4176	1.0	928.2498726844788
189	1.5640628	0.22507104	1.8280431	0.9874837	500.0	0.15581721	0.12608305	0.7835336	-0.039637223	950000	2.6583672e-08	0.006226522	0.0682517	-0.00036368752	0.7714262	0.20752351	0.4496	1.0	932.85422539711
190	1.5612515	0.16127056	1.8381357	1.2991979	500.0	0.17033494	0.13129568	0.78468436	-0.02250199	955000	7.175207e-08	0.0038693321	0.041492302	-0.00019340403	0.7713107	0.085521095	0.3616	1.0	937.5031855106354
191	1.4796833	0.14251946	1.7555753	1.2604829	500.0	0.16847876	0.13019402	0.7530349	-0.0027388632	960000	2.7959794e-08	0.0046574664	0.037101623	-0.0006488832	0.7712064	0.07798735	0.3972	1.0	942.0910489559174
192	1.3958515	0.22024916	1.8326737	1.082439	500.0	0.15098555	0.120754555	0.7725781	0.009152956	965000	4.9591065e-08	0.0046107736	0.0276265	-0.000486705	0.7710952	0.034386482	0.2622	1.0	946.6890594959259
193	1.4991835	0.10635579	1.6504121	1.3150799	500.0	0.1360766	0.117651284	0.7594177	-0.0075083077	970000	8.504316e-08	0.0036872108	0.014484225	-0.00039629755	0.7710001	0.031873558	0.2202	1.0	951.2414746284485
194	1.5182848	0.19602071	1.889695	1.2721502	500.0	0.14919454	0.122752056	0.78781885	0.0036492571	975000	-2.1253527e-08	0.003749486	0.017478101	-0.0002488352	0.77089536	0.039183006	0.2716	1.0	955.8160827159882
195	1.5792834	0.10410181	1.7270755	1.4266018	500.0	0.15989289	0.12038072	0.772533	0.028094478	980000	3.4320355e-08	0.003760198	0.014849932	-0.0005306585	0.77078104	0.037138797	0.248	1.0	960.3967018127441
196	1.6477648	0.16376847	1.8779012	1.3688537	500.0	0.16018118	0.13295059	0.8101489	0.027093723	985000	8.387416e-08	0.003010441	0.010816633	-0.00026816712	0.7706496	0.028278153	0.2314	1.0	964.994710445404
197	1.6298977	0.1450977	1.9193966	1.4106015	500.0	0.17028892	0.13754241	0.8314241	0.02517008	990000	2.923906e-08	0.0028090545	0.010192411	-0.00030216365	0.77051264	0.02663725	0.2478	2.0	969.741847038269
198	1.6585743	0.14013961	1.8840533	1.3605585	500.0	0.1690442	0.12760814	0.82090586	0.03292284	995000	2.7379393e-08	0.003291785	0.012504832	-0.00036889943	0.77022517	0.021299794	0.196	1.0	974.3983793258667
199	1.7455928	0.17535782	2.0204287	1.5221802	500.0	0.17552793	0.12962298	0.7933717	0.034270667	1000000	3.4576654e-08	0.004381112	0.0036626041	-0.00034584617	0.7700842	0.024920817	0.27	2.0	978.9986054897308
200	1.8282894	0.14066222	2.0422332	1.5594202	500.0	0.18135865	0.14056313	0.8591682	0.034662157	1005000	9.021908e-08	0.0032884716	0.022039283	-0.00039569056	0.7698262	0.043531798	0.385	1.0	983.6488220691681
201	1.7665933	0.12907235	1.9884512	1.5813824	500.0	0.19224943	0.1524459	0.8755719	0.035863914	1010000	-8.3851816e-08	0.0025676591	0.0155976	-0.000416592	0.76969796	0.021897558	0.3038	1.0	988.2303447723389
202	1.7320926	0.16467282	2.19065	1.5761831	500.0	0.18106806	0.14589775	0.8954208	0.03631699	1015000	4.799366e-08	0.002892478	0.012291225	-0.00020860299	0.7695905	0.020295156	0.274	1.0	992.8130476474762
203	1.7940096	0.091889195	1.9914601	1.6957546	500.0	0.1839926	0.13598096	0.84139335	0.041156404	1020000	-4.4941904e-09	0.0028191844	0.015039577	-0.0001843758	0.7695049	0.029611396	0.3436	1.0	997.4472227096558
204	1.814444	0.16201673	2.001372	1.475142	500.0	0.18604705	0.14551552	0.89383876	0.038028896	1025000	1.0097027e-08	0.0027037018	0.010950924	-0.00021740934	0.7694226	0.023127439	0.246	1.0	1002.0343627929688
205	1.8561785	0.1364662	2.0677319	1.5903853	500.0	0.19468181	0.13912547	0.8746884	0.05324448	1030000	-3.902316e-08	0.0024871477	0.013949215	-0.00021297578	0.76932436	0.022724422	0.2746	1.0	1006.6676754951477
206	1.8568398	0.09286761	2.0371196	1.7138263	500.0	0.20229535	0.1391292	0.8825072	0.05750286	1035000	2.8043985e-08	0.002301029	0.021899506	-9.844266e-05	0.76921546	0.038920477	0.356	1.0	1011.2879581451416
207	1.6584911	0.17867728	1.9637393	1.3956912	500.0	0.19785798	0.14366996	0.8950686	0.050305903	1040000	-5.4103136e-08	0.003668521	0.02362556	-0.00079037645	0.7691162	0.036611345	0.2856	1.0	1015.8800659179688
208	1.8070269	0.122031495	1.9796934	1.6055157	500.0	0.17606956	0.12856129	0.80626917	0.0390551	1045000	-2.5425852e-08	0.0031703038	0.022235014	-0.00065993867	0.7690258	0.040901612	0.3234	1.0	1020.6283531188965
209	1.794179	0.10035176	1.9895424	1.6493862	500.0	0.19858453	0.13324822	0.8361303	0.053811528	1050000	-2.3376941e-08	0.0026252423	0.02150805	-0.00014477479	0.76891834	0.04808241	0.3066	1.0	1025.2361013889313
210	1.7227741	0.21435422	2.043377	1.3124787	500.0	0.19047666	0.13444412	0.8706446	0.046039835	1055000	3.4034253e-09	0.0034914908	0.016287955	-0.00044732005	0.7688118	0.038440764	0.2452	1.0	1029.9125034809113
211	1.7811025	0.2348125	2.337949	1.4902424	500.0	0.17784405	0.12852645	0.87439483	0.042752206	1060000	-1.2393892e-07	0.003765213	0.0053302525	-0.00025928114	0.76869273	0.015259436	0.1352	1.0	1034.7063624858856
212	1.6456178	0.13125569	1.9106568	1.4531165	500.0	0.19071089	0.12642151	0.8646477	0.052761555	1065000	-4.9591065e-09	0.0029547676	0.0080677485	-0.00061519	0.76859635	0.023354717	0.2118	1.0	1039.4271039962769
213	1.705682	0.089017674	1.8389492	1.565028	500.0	0.1701647	0.122731626	0.81637293	0.03754557	1070000	4.5987964e-08	0.0023647794	0.016826745	-0.00023279223	0.7684898	0.036018025	0.31	1.0	1044.0471622943878
214	1.7287655	0.11235381	1.8886259	1.5730126	500.0	0.17771177	0.12664603	0.84367275	0.04326193	1075000	3.093183e-08	0.002675559	0.006973249	-0.00021476974	0.7683747	0.0190745	0.1844	1.0	1048.6802914142609
215	1.6370685	0.18041544	1.84766	1.3347114	500.0	0.18667893	0.12587743	0.84477997	0.053561702	1080000	7.394552e-08	0.0031178726	0.010057754	-0.00027945777	0.7682658	0.037689757	0.219	1.0	1053.3166303634644
216	1.7765528	0.19725592	2.2292514	1.4839041	500.0	0.1795359	0.12093928	0.77598166	0.046553485	1085000	9.988546e-08	0.0035522426	0.010598541	0.0004586517	0.7681468	0.028257523	0.2052	1.0	1057.992338180542
217	1.7625549	0.16832648	2.0222335	1.4319168	500.0	0.20309028	0.12342955	0.8500173	0.06449509	1090000	6.7204238e-09	0.0036453328	0.014598918	-0.00075880205	0.768035	0.049040947	0.288	1.0	1062.5670199394226
218	1.7524137	0.14788282	2.0365205	1.5580323	500.0	0.1943743	0.12748148	0.8365791	0.06069888	1095000	2.1648408e-08	0.0029947786	0.0129281245	-0.00043430715	0.76792794	0.022637058	0.2112	1.0	1067.195209980011
219	1.6805265	0.12177484	1.823965	1.41771	500.0	0.18408346	0.13357908	0.86972135	0.04177078	1100000	-2.3847818e-08	0.0028922458	0.009290773	-0.00033042603	0.7678163	0.025757233	0.212	1.0	1071.9318194389343
220	1.7623022	0.14790602	2.0551405	1.507643	500.0	0.18078901	0.12159548	0.82050097	0.04368686	1105000	1.642704e-08	0.0026445256	0.014322446	-0.0001986674	0.7676975	0.028113052	0.2142	1.0	1076.6294975280762
221	1.8762989	0.12564014	2.0597527	1.700758	500.0	0.17882775	0.130135	0.8464201	0.043599486	1110000	-9.0396405e-08	0.0033124276	0.011290198	-0.0009823588	0.7675844	0.026220141	0.2206	1.0	1081.2691249847412
222	1.8461888	0.15972394	2.0781991	1.5362033	500.0	0.20835602	0.13651273	0.86304647	0.06425829	1115000	2.6607513e-08	0.0026277655	0.0086657815	-0.00040577352	0.76747006	0.03144694	0.271	1.0	1085.8994143009186
223	1.7829468	0.14611574	2.0395975	1.5888361	500.0	0.19561484	0.13694479	0.8943787	0.047520965	1120000	-1.2457371e-08	0.0026214127	0.013798685	-0.00014215475	0.7673309	0.033596877	0.2324	1.0	1090.6984107494354
224	1.8575399	0.10028727	2.0743384	1.7353637	500.0	0.19154747	0.13376626	0.8600971	0.042733848	1125000	-6.522834e-08	0.0023301484	0.019522753	-0.00018518814	0.7672136	0.03589151	0.2996	1.0	1095.3607296943665
225	1.844451	0.12980613	2.1076863	1.6900704	500.0	0.1964853	0.14311852	0.9005652	0.035300016	1130000	-6.468296e-08	0.0028551498	0.016548574	-9.840005e-05	0.7670964	0.024420198	0.237	1.0	1100.040589094162
226	2.0008123	0.088420615	2.1620288	1.8023987	500.0	0.19513781	0.14642432	0.9082082	0.03362698	1135000	2.5749207e-09	0.00338157	0.038548052	-0.00090342085	0.7669601	0.088822804	0.368	1.0	1104.7318425178528
227	2.015243	0.11221177	2.1852276	1.8229283	500.0	0.21377473	0.16049059	0.9182301	0.043396734	1140000	-5.530417e-08	0.0029213226	0.05670231	-0.00026350725	0.7668377	0.12883885	0.471	1.0	1109.4005143642426
228	2.0176702	0.117136136	2.2406702	1.8692261	500.0	0.21955673	0.15594904	0.94929546	0.054622002	1145000	-1.1008978e-08	0.00341457	0.08231867	-0.00040909857	0.7667145	0.15204671	0.5342	1.0	1114.0578982830048
229	1.9720109	0.1301379	2.192402	1.7850267	500.0	0.2174001	0.16748753	0.9404191	0.035391897	1150000	-2.1350385e-08	0.0030097587	0.03238712	-0.0003238786	0.7666043	0.056528352	0.346	1.0	1118.652666091919
230	2.0744166	0.21899058	2.3874671	1.7473924	500.0	0.21326968	0.16183344	0.956479	0.022793174	1155000	4.761666e-08	0.005310135	0.026724348	-0.00078623183	0.76648444	0.068805784	0.3846	1.0	1123.4508855342865
231	2.0594118	0.17932701	2.30173	1.792303	500.0	0.22503203	0.18298003	0.9597204	0.0050283372	1160000	-1.5033036e-08	0.003901445	0.018748375	-0.00021712645	0.76637053	0.036974315	0.304	1.0	1128.076851606369
232	2.1865695	0.17836812	2.436231	1.7526475	500.0	0.2236439	0.1736695	0.9381383	0.015587397	1165000	-6.788224e-08	0.00443324	0.023048395	-0.0006414086	0.7662611	0.042735644	0.2974	1.0	1132.8944611549377
233	2.1792073	0.18929912	2.5195413	1.8868623	500.0	0.2339936	0.18645369	1.017627	0.02286537	1170000	-3.0267238e-08	0.003099402	0.028769424	-0.0001573402	0.76615524	0.054638214	0.3254	1.0	1137.5327179431915
234	2.2075167	0.16042261	2.525789	1.9173017	500.0	0.23805669	0.19077966	1.0265601	0.023954935	1175000	2.489686e-08	0.003669161	0.017734643	-0.00048448332	0.766068	0.03202135	0.2578	1.0	1143.1028847694397
235	2.0144057	0.15253602	2.304268	1.7969626	500.0	0.24168155	0.18406402	1.0113208	0.044006296	1180000	5.4603817e-08	0.0046358355	0.00799473	-0.0013737436	0.7659934	0.020432997	0.182	1.0	1148.202065706253
236	2.0017571	0.21058133	2.2076657	1.5354295	500.0	0.21376684	0.17728162	0.96803457	-0.010101937	1185000	-4.77761e-08	0.003765907	0.00761484	-0.00016652141	0.76593673	0.02995477	0.207	1.0	1152.968769311905
237	2.107225	0.14044084	2.35498	1.9382522	500.0	0.215127	0.17410567	0.9380056	-0.006613262	1190000	-2.067685e-08	0.003197842	0.0072090863	-0.00034911605	0.7658681	0.026623322	0.22	1.0	1157.6765835285187
238	2.0302749	0.12460493	2.2870367	1.8179492	500.0	0.23028874	0.17712548	0.9698665	0.0012192577	1195000	3.711879e-08	0.003120422	0.007038582	-0.00038170605	0.76580495	0.03586266	0.2052	1.0	1162.3353126049042
239	2.1012614	0.1734771	2.3613515	1.7838091	500.0	0.22293358	0.17182034	0.9242725	0.012587912	1200000	-5.7999788e-08	0.002931579	0.009170719	-0.00023255311	0.76572984	0.020628221	0.1498	1.0	1167.0280923843384
240	1.9395015	0.17565124	2.2249105	1.538042	500.0	0.2251364	0.17596383	0.98414534	0.017281339	1205000	-5.3352117e-08	0.003007366	0.0021012998	-0.00038666022	0.76563764	0.017747054	0.1662	1.0	1171.779629945755
241	1.9911541	0.17208774	2.2154949	1.7351993	500.0	0.21210088	0.17077988	0.90590686	0.016934156	1210000	-1.2762844e-07	0.0034205064	0.006249428	-0.00012753229	0.76555806	0.01804396	0.2184	2.0	1176.715520620346
242	1.9635767	0.15238729	2.3047307	1.8226951	500.0	0.2252372	0.17123945	0.9390391	0.008495197	1215000	8.639842e-08	0.0033037888	0.012844701	-0.00037848228	0.7654278	0.029639764	0.2274	1.0	1181.3672425746918
243	2.1136842	0.23195359	2.5989099	1.8316967	500.0	0.21236421	0.17099927	0.9243844	0.002105683	1220000	-3.4245847e-08	0.0040539396	0.015082071	-0.00032117707	0.7653627	0.020773854	0.231	1.0	1186.007939338684
244	1.9929428	0.18989855	2.273267	1.6715192	500.0	0.22345272	0.17794923	1.0039815	0.007615462	1225000	2.3311376e-08	0.0036679169	0.008320399	-0.00030154828	0.76528704	0.02535672	0.2976	2.0	1190.6127495765686
245	2.0595443	0.18150108	2.4020357	1.7375534	500.0	0.20694284	0.17677653	0.97552586	-0.017605782	1230000	5.453229e-08	0.004131575	0.010390774	-0.00027600862	0.76510185	0.023705387	0.2072	1.0	1195.3952581882477
246	2.0318797	0.20954053	2.5287166	1.8181723	500.0	0.22015832	0.18045954	0.99549806	-0.008718401	1235000	-3.928244e-08	0.003451256	0.006568887	-0.00043144263	0.76500505	0.02347472	0.2392	2.0	1200.1271178722382
247	2.1446116	0.17959721	2.4782493	1.8741895	500.0	0.21324861	0.18387625	0.9845604	0.011082545	1240000	-8.92654e-09	0.0036891743	0.027388852	-0.0004862938	0.7647811	0.06155145	0.285	1.0	1204.9302546977997
248	2.0432236	0.12843864	2.2943158	1.814659	500.0	0.21248911	0.19521172	1.0540674	-0.0040015206	1245000	3.4502147e-08	0.0045936713	0.02190175	-0.00088378484	0.76466596	0.054987792	0.2824	1.0	1209.5946300029755
249	2.0876327	0.19157094	2.4000423	1.7976115	500.0	0.21121353	0.17477055	1.0007766	-0.03389731	1250000	-8.362532e-08	0.0034450733	0.026855415	-0.0001998404	0.76456463	0.068330765	0.3078	1.0	1214.255283355713
250	1.9644219	0.16634567	2.164809	1.6787596	500.0	0.21864258	0.17973943	1.0085775	-0.020253912	1255000	7.627308e-08	0.0041649267	0.024847535	-0.00057567726	0.76448315	0.053640693	0.257	1.0	1219.0408504009247
251	1.8466742	0.21865353	2.219795	1.579633	500.0	0.20164138	0.17153127	0.985816	-0.06683646	1260000	1.2639761e-07	0.0050816187	0.025117131	-0.00089681055	0.764395	0.046583243	0.2646	1.0	1223.699259519577
252	1.9973933	0.18500844	2.3629968	1.7142103	500.0	0.18607543	0.15708159	0.900053	-0.123843275	1265000	4.301071e-08	0.0038954655	0.025840664	-0.0005842678	0.764319	0.041848745	0.2494	1.0	1228.3069245815277
253	1.8933176	0.106936604	2.0790021	1.7432631	500.0	0.19561344	0.16860805	1.0016798	-0.11946419	1270000	-1.4209747e-08	0.003825221	0.024432167	-0.00046759122	0.76423514	0.036895417	0.2282	1.0	1232.9345240592957
254	1.96136	0.21078573	2.248533	1.567753	500.0	0.19865341	0.15612605	0.908252	-0.11375066	1275000	-2.1457671e-09	0.0036348256	0.021216452	-0.00021448941	0.76414186	0.03323112	0.2528	1.0	1237.594645500183
255	1.9782534	0.17445424	2.2327993	1.6220027	500.0	0.2071002	0.15703982	0.92758894	-0.10645982	1280000	-4.0340424e-08	0.0026497543	0.0137339495	-0.000112888636	0.7640613	0.02380011	0.2044	1.0	1242.240672826767
256	1.8477653	0.19007021	2.1784139	1.6166183	500.0	0.22382854	0.1678973	0.946828	-0.11134994	1285000	1.4829635e-08	0.004788357	0.009978685	-0.0019177564	0.76398736	0.018539537	0.1596	1.0	1247.048264503479
257	1.9733913	0.14391889	2.2773886	1.7204229	500.0	0.19257738	0.14889248	0.8930416	-0.0888123	1290000	4.546642e-08	0.0037168663	0.016676743	-0.0006287745	0.7638834	0.025317661	0.246	2.0	1251.772062778473
258	2.0783467	0.16833161	2.2768116	1.7578038	500.0	0.2026846	0.16311881	0.9720404	-0.11132132	1295000	8.013249e-08	0.003281643	0.016966322	-0.0003293592	0.7637422	0.03254956	0.228	1.0	1256.5805044174194
259	1.9957386	0.16135941	2.2382712	1.6648291	500.0	0.2114148	0.17236325	1.0290027	-0.103479154	1300000	-7.1549415e-08	0.0032288062	0.02490277	-0.0002693832	0.7636827	0.042099006	0.2348	1.0	1261.2410335540771
260	1.974165	0.21288785	2.187212	1.463458	500.0	0.20147379	0.16789278	1.0028766	-0.120536394	1305000	6.07729e-08	0.0037742467	0.008691202	-0.00035298802	0.7636324	0.019374548	0.1486	1.0	1266.1503953933716
261	1.9976263	0.21894524	2.2684815	1.5915072	500.0	0.21113953	0.1605571	0.9529645	-0.10639565	1310000	-4.9567223e-08	0.003979616	0.005847791	-0.00045908638	0.76357675	0.019111872	0.2394	2.0	1270.76415848732
262	2.109098	0.14739417	2.2456157	1.7430542	500.0	0.20746626	0.1696791	0.9783875	-0.08042001	1315000	2.8395652e-08	0.0033362617	0.013855889	-0.0006823749	0.76341987	0.03430659	0.292	1.0	1275.4076261520386
263	2.1566215	0.17213906	2.4349663	1.9276334	500.0	0.2292461	0.17174403	0.98124754	-0.06304856	1320000	5.18322e-08	0.0037688198	0.013214584	-0.0006071711	0.7633307	0.027182749	0.2282	1.0	1280.0736429691315
264	2.1243052	0.20694175	2.4971502	1.8126031	500.0	0.2242457	0.18593335	1.0573765	-0.118760996	1325000	-3.159046e-08	0.003559499	0.023444774	-0.00037510972	0.7632424	0.03583522	0.2512	1.0	1284.7723424434662
265	2.0472732	0.19556949	2.496529	1.812418	500.0	0.22843295	0.17209084	0.9936272	-0.108495094	1330000	-9.050369e-08	0.0039303633	0.018662497	-0.00041738455	0.7631423	0.036655843	0.2144	1.0	1289.4037744998932
266	2.1592724	0.19102222	2.5185297	1.883355	500.0	0.2134121	0.17006184	1.0072384	-0.12936743	1335000	2.8395652e-08	0.00413873	0.032214876	-0.0005034143	0.7630539	0.048818577	0.3384	1.0	1294.0554304122925
267	2.0812223	0.18047786	2.3399796	1.7857883	500.0	0.21836983	0.18693416	1.078507	-0.13358825	1340000	2.1219254e-08	0.0036210576	0.04483586	-0.0006660961	0.7629389	0.06623517	0.3848	1.0	1298.668053150177
268	2.049935	0.24385683	2.516504	1.6159997	500.0	0.20614827	0.18380924	1.0845805	-0.15429944	1345000	-1.4686584e-08	0.0048551043	0.02220173	-0.00017021364	0.76281595	0.030978104	0.2696	1.0	1303.3024096488953
269	2.073917	0.19549245	2.5629227	1.8588365	500.0	0.21497619	0.17520188	1.0594063	-0.19734663	1350000	2.8634071e-08	0.0035787518	0.011516904	-0.00041791121	0.76268005	0.027077865	0.2612	1.0	1307.9398555755615
270	2.0777314	0.18799594	2.4902074	1.8559445	500.0	0.20844527	0.18004447	1.0917485	-0.20936832	1355000	-3.7813187e-08	0.004529071	0.009791385	-0.0006014197	0.7625356	0.01727955	0.207	1.0	1312.7322375774384
271	2.1100285	0.21054311	2.4232643	1.7979968	500.0	0.20510605	0.18703745	1.0847472	-0.209755	1360000	-2.6035309e-08	0.0034467506	0.041782994	-0.00022524991	0.76240385	0.07543407	0.4722	2.0	1317.5796794891357
272	2.1019511	0.24590072	2.5125809	1.8139458	500.0	0.20330788	0.18875317	1.110034	-0.16743618	1365000	-5.0759315e-08	0.0049707545	0.04641782	0.0060392395	0.76215297	0.06458994	0.491	1.0	1322.2458918094635
273	2.1164038	0.11771355	2.2873776	1.9150331	500.0	0.20805566	0.16665576	1.0446451	0.093705714	1370000	-4.055202e-08	0.009172643	0.054855015	-0.0008870149	0.76203454	0.09141346	0.5302	1.0	1326.9107949733734
274	2.073936	0.2721377	2.5277278	1.7041069	500.0	0.19971922	0.18014689	1.0967767	0.07158826	1375000	8.964538e-08	0.010563042	0.025690218	-0.0008825008	0.7619153	0.045351356	0.3818	1.0	1332.0202825069427
275	1.9784839	0.17806739	2.2086003	1.6366035	500.0	0.1971138	0.17547446	1.071003	0.017878577	1380000	4.953742e-08	0.010677281	0.029559962	-0.0039570667	0.76180923	0.055238374	0.4084	1.0	1336.7862634658813
276	2.0157228	0.17769845	2.2763624	1.6894724	500.0	0.1846777	0.17779182	1.0491446	-0.19222662	1385000	-7.224381e-08	0.008214422	0.02343421	-0.00084343227	0.7616913	0.03366505	0.3088	1.0	1341.5478851795197
277	1.8889605	0.17843236	2.114966	1.5856332	500.0	0.2001412	0.16893415	1.0147748	-0.15939276	1390000	1.09297034e-07	0.007807177	0.011503286	-0.00070279464	0.76157737	0.029042395	0.241	1.0	1346.2719945907593
278	1.9851942	0.1255708	2.1752725	1.7609154	500.0	0.18780723	0.1594521	0.97413975	-0.17607293	1395000	1.334399e-07	0.0077921227	0.01071613	-0.00048609544	0.761464	0.017622985	0.2176	1.0	1350.9411835670471
279	1.9273818	0.23068216	2.214509	1.4686112	500.0	0.19320306	0.1694411	1.04376	-0.17640787	1400000	2.9748678e-08	0.007898133	0.010961404	-0.00049396604	0.76135194	0.016243247	0.2114	1.0	1355.613741159439
280	2.0357115	0.15284175	2.331692	1.7523526	500.0	0.18428397	0.17487314	1.0323433	-0.21580651	1405000	-1.3515651e-07	0.0078733545	0.047132276	-0.00096870493	0.761243	0.10105179	0.421	1.0	1360.3830626010895
281	1.9397898	0.19468759	2.3239827	1.6329161	500.0	0.20318118	0.17092265	1.0419607	-0.19128683	1410000	-6.043911e-09	0.0075443075	0.11810864	-0.000551641	0.7611316	0.33706528	0.6206	1.0	1365.0302469730377
282	1.9205151	0.16206254	2.2970753	1.653423	500.0	0.18642583	0.16954237	1.0315628	-0.20670143	1415000	2.9206276e-10	0.00707921	0.10352892	-0.0009571817	0.76102936	0.31287003	0.5956	1.0	1369.7017922401428
283	1.792828	0.15489101	1.9951866	1.4896656	500.0	0.19208853	0.16361555	0.9912858	-0.24308725	1420000	-1.1121035e-07	0.007300576	0.057418305	-0.0011582607	0.7609247	0.11704212	0.4856	1.0	1374.3893275260925
284	1.7762604	0.09705387	1.9981595	1.6664695	500.0	0.17448412	0.15597485	0.9321176	-0.25010324	1425000	-9.310246e-08	0.005190059	0.014854085	-0.0006086193	0.76082295	0.023699097	0.2676	1.0	1379.0738670825958
285	1.7482399	0.16168343	2.0730872	1.461788	500.0	0.17772014	0.15456603	0.9086183	-0.23146868	1430000	3.399849e-08	0.0065879975	0.034745585	-0.00032442762	0.76072216	0.068270326	0.4334	1.0	1383.6749465465546
286	1.8567898	0.13932675	2.125767	1.5684268	500.0	0.17552486	0.15724184	0.8893662	-0.24982744	1435000	1.13224985e-07	0.0058484245	0.013610569	-0.0003548395	0.7606225	0.03039425	0.2384	1.0	1388.4852781295776
287	1.8580091	0.17854452	2.1937542	1.6062042	500.0	0.18170345	0.16163203	0.9586668	-0.242702	1440000	7.211566e-08	0.00556594	0.021602277	-0.00020465907	0.760521	0.037971403	0.3412	1.0	1393.141261100769
288	1.8207443	0.1967436	2.0522034	1.4561119	500.0	0.19878557	0.16181608	0.9863703	-0.21901071	1445000	-1.5449524e-08	0.005579886	0.02334054	-0.0004914552	0.76038843	0.038077302	0.3636	1.0	1397.7966451644897
289	1.798212	0.19979171	2.1742566	1.563024	500.0	0.19698748	0.15338214	0.92336047	-0.21831717	1450000	9.4091895e-08	0.00522269	0.04342967	-0.00066397106	0.76025516	0.07163639	0.4972	1.0	1402.474739074707
290	1.7730767	0.21060671	2.0586803	1.4111583	500.0	0.18551497	0.15180618	0.9055584	-0.22171846	1455000	-2.0748377e-08	0.0047309473	0.043187335	-0.0005434649	0.7601279	0.067870855	0.486	1.0	1407.188381910324
291	1.7667536	0.18144302	2.213169	1.5231318	500.0	0.17894587	0.16047865	0.9145447	-0.23093042	1460000	5.0336123e-08	0.005688101	0.052581154	-0.00019486854	0.76000047	0.09065786	0.537	1.0	1411.8181562423706
292	1.9153969	0.2437062	2.3570812	1.5875131	500.0	0.18084985	0.15268289	0.89212877	-0.22967754	1465000	-2.1085143e-08	0.0061670034	0.10964022	-0.0007730122	0.7598781	0.24376367	0.6938	1.0	1416.4544823169708
293	1.6933302	0.21421376	2.0042667	1.2462178	500.0	0.20060249	0.16138762	0.95066226	-0.22347882	1470000	7.523298e-08	0.006703257	0.11769003	-0.0013601375	0.75976986	0.24167272	0.6934	1.0	1421.104686498642
294	1.8508685	0.1561343	2.0037923	1.4472262	500.0	0.16769099	0.15259379	0.8956737	-0.2429158	1475000	8.344054e-08	0.005358511	0.01703756	-0.00082208356	0.7596816	0.029673569	0.284	1.0	1425.7485115528107
295	1.6810255	0.20086676	2.023154	1.3493458	500.0	0.18957596	0.16295996	0.93020463	-0.21297026	1480000	-3.2424927e-09	0.0063063004	0.021246316	-0.0010844325	0.75961095	0.028889941	0.315	1.0	1430.3945167064667
296	1.7521904	0.23243496	2.1802735	1.2344407	500.0	0.1721819	0.1544838	0.84783244	-0.24983734	1485000	9.968877e-09	0.0051223566	0.028844733	-0.0005714111	0.75953716	0.04045818	0.3996	1.0	1434.9936246871948
297	1.9012735	0.23661804	2.274248	1.4139107	500.0	0.18145066	0.1576219	0.865277	-0.21667589	1490000	-4.1550397e-08	0.005730727	0.041549016	-0.0009392956	0.75946164	0.06318946	0.445	1.0	1439.7677652835846
298	1.8194355	0.16205229	2.1907167	1.585446	500.0	0.2069895	0.15737408	0.8776038	-0.1801424	1495000	4.464388e-09	0.00472481	0.059257198	-0.00091782864	0.7593824	0.12851995	0.5204	1.0	1444.3487870693207
299	1.8267488	0.18994635	2.0223348	1.3536632	500.0	0.18820073	0.15564291	0.90211344	-0.21282937	1500000	-1.0265708e-07	0.005266663	0.074873984	-0.00029449863	0.7593231	0.16843443	0.524	1.0	1449.04034781456
