Epoch	AverageEpRet	StdEpRet	MaxEpRet	MinEpRet	EpLen	AverageVVals	StdVVals	MaxVVals	MinVVals	TotalEnvInteracts	LossPi	LossV	DeltaLossPi	DeltaLossV	Entropy	KL	ClipFrac	StopIter	Time
0	-0.42424035	0.1974937	-0.09526546	-0.76357406	500.0	0.1577556	0.009354173	0.1758539	0.12386163	5000	4.1675566e-08	0.062223125	-0.009411019	-0.049878962	0.9189386	0.0059716185	0.0626	79.0	1.5331339836120605
1	-0.4518973	0.20763344	0.070750155	-0.7372328	500.0	-0.05981521	0.034250107	0.049579337	-0.11363186	10000	1.335144e-09	0.011665855	-0.01195458	-0.0017085597	0.9128541	0.0054596746	0.0844	79.0	2.81317400932312
2	-0.34271163	0.24819411	0.050549336	-0.7021576	500.0	-0.066200644	0.05831503	0.08567306	-0.19261248	15000	1.0299683e-08	0.009508355	-0.013427321	-0.00068695564	0.9125881	0.0050231093	0.1096	79.0	4.07237696647644
3	-0.31424674	0.20663437	0.004507981	-0.7238292	500.0	-0.049592737	0.05582695	0.087974176	-0.1958355	20000	-9.155274e-09	0.009475233	-0.012668332	0.00078873336	0.9102623	0.0076773446	0.1006	79.0	5.428459167480469
4	-0.37057394	0.24258806	-0.032405127	-0.83541715	500.0	-0.021485673	0.062407743	0.13548225	-0.17414889	25000	1.0681152e-08	0.013476181	-0.013492326	-0.002665503	0.9064252	0.011996492	0.106	79.0	6.741540908813477
5	-0.4053381	0.18814686	0.059763636	-0.66838205	500.0	-0.059622142	0.06342214	0.11845629	-0.22760922	30000	5.722046e-09	0.008999451	-0.0131312385	-0.00030676275	0.90537536	0.01073491	0.1162	79.0	8.27783203125
6	-0.45756474	0.18718763	-0.16369028	-0.7703265	500.0	-0.06729535	0.06988197	0.122195706	-0.26118213	35000	-3.8146974e-09	0.010378471	-0.013212432	-0.0005206829	0.9070493	0.007144016	0.1074	79.0	9.567572116851807
7	-0.14715718	0.18832092	0.23495924	-0.49793166	500.0	-0.08258766	0.069316514	0.100129195	-0.26992077	40000	-9.918213e-09	0.012948607	-0.01474988	-0.004426698	0.90544546	0.008098031	0.107	79.0	10.80420207977295
8	-0.23155391	0.32386142	0.29162088	-0.75572526	500.0	-0.017430304	0.06346114	0.14985937	-0.1913426	45000	-4.196167e-09	0.0110707255	-0.015593999	-0.0005283896	0.89994174	0.010376233	0.129	79.0	12.020714044570923
9	-0.16369775	0.24713519	0.10728955	-0.68384993	500.0	-0.031868566	0.06065114	0.11275313	-0.21691611	50000	-1.1825562e-08	0.009064517	-0.014837549	-0.00031391624	0.8938	0.011808391	0.1114	79.0	13.24214482307434
10	-0.27401808	0.15122055	-0.121681705	-0.5600154	500.0	-0.028546127	0.066580534	0.14135587	-0.20804614	55000	3.8146974e-09	0.009130872	0.010585937	-0.00042399205	0.8898346	0.018075319	0.2774	4.0	14.213744878768921
11	-0.18647136	0.22008303	0.19851398	-0.4924844	500.0	-0.042077616	0.07779792	0.15217744	-0.25111052	60000	-6.1035155e-09	0.008710276	-0.01376845	-0.00043184962	0.8894815	0.012753847	0.1236	79.0	15.391969919204712
12	-0.3030244	0.20566496	0.103208765	-0.5408791	500.0	-0.029511444	0.06919605	0.14060849	-0.22384985	65000	-4.577637e-09	0.008815444	0.0044933436	-0.0009881891	0.87980163	0.018878078	0.2964	10.0	16.35354781150818
13	-0.24835642	0.19307578	0.11321985	-0.4659792	500.0	-0.05829129	0.07173999	0.12566312	-0.25246257	70000	2.2888185e-09	0.01080578	-0.013452563	-0.0006098682	0.87867343	0.0044653914	0.1052	79.0	17.562922954559326
14	-0.20608523	0.25742677	0.19221929	-0.5422827	500.0	-0.03965392	0.07394477	0.13184333	-0.25213194	75000	-4.196167e-09	0.0098087685	-0.013551924	-0.00045495667	0.8806236	0.008760436	0.1252	79.0	19.043251037597656
15	-0.14613353	0.21884532	0.16104114	-0.6297006	500.0	-0.033169042	0.07048843	0.14918077	-0.24032632	80000	-3.4332275e-09	0.0096651185	-0.015356577	-0.0003999723	0.8782439	0.012108064	0.1274	79.0	20.375136137008667
16	0.015783893	0.32410312	0.46075746	-0.61373013	500.0	-0.022311684	0.06345351	0.1515292	-0.19872232	85000	3.8146974e-09	0.011397551	-0.01384583	-0.0009041177	0.88277835	0.008397198	0.1086	79.0	21.70235776901245
17	-0.14301215	0.32373357	0.3238902	-0.66225827	500.0	0.0012143156	0.07704223	0.19395483	-0.2162194	90000	2.1362304e-08	0.011511281	-0.013457271	-0.0006359136	0.88061094	0.010659569	0.1052	79.0	22.95826482772827
18	0.01368314	0.28457403	0.31586722	-0.6210431	500.0	-0.02410106	0.07383294	0.15507744	-0.24036288	95000	1.2969971e-08	0.010471316	-0.013612438	-0.0011209352	0.8795562	0.0075631407	0.117	79.0	24.152384042739868
19	-0.05607754	0.22056074	0.3610288	-0.3665044	500.0	0.0023199166	0.06594012	0.17882188	-0.19317394	100000	4.577637e-09	0.010441559	-0.015321956	-0.00069032796	0.87404627	0.012555057	0.1418	79.0	25.383983850479126
20	0.11541542	0.17392623	0.4034952	-0.13966581	500.0	-0.011602914	0.07235994	0.17680985	-0.20853364	105000	-1.5258789e-09	0.011658645	-0.013974721	-0.0014913818	0.8760288	0.009228767	0.1222	79.0	26.76710796356201
21	0.05959457	0.1996915	0.50657254	-0.19209948	500.0	0.020581668	0.07593037	0.20862621	-0.20405033	110000	-1.9836426e-08	0.007808064	0.0029396957	-0.00030225376	0.8648429	0.015665026	0.2554	2.0	27.76213574409485
22	0.10836925	0.24795263	0.4115371	-0.3163691	500.0	0.014119469	0.07429659	0.22149786	-0.17875488	115000	-9.918213e-09	0.0110587105	-0.01373691	-0.00037794467	0.8647962	0.013513847	0.1142	79.0	29.12775683403015
23	0.14454427	0.12997459	0.36110452	-0.019721005	500.0	0.016566291	0.08171049	0.23218115	-0.20867865	120000	8.392334e-09	0.008843182	-0.012899092	-0.0004373407	0.85955274	0.010437945	0.1126	79.0	30.487554788589478
24	0.10638338	0.2579562	0.49504736	-0.33048755	500.0	0.025983954	0.07383429	0.22068101	-0.19327363	125000	-2.5939942e-08	0.012493586	0.0024690223	-6.617047e-06	0.8557761	0.016016291	0.261	2.0	31.508209943771362
25	0.108724356	0.23440854	0.4323907	-0.25739872	500.0	0.025958074	0.07337031	0.22578	-0.1859845	130000	7.629395e-09	0.009625067	-0.015534344	-0.00060026813	0.8557768	0.009225293	0.1366	79.0	32.893250942230225
26	0.3057172	0.24910296	0.72770506	-0.08031381	500.0	0.02200925	0.07847486	0.22182727	-0.19679837	135000	-4.196167e-08	0.010851167	0.006051212	-0.0009048991	0.8473606	0.015693491	0.214	4.0	34.03869700431824
27	0.27969855	0.27581578	0.58058304	-0.30615845	500.0	0.048727583	0.072574414	0.24129425	-0.15347509	140000	3.0517577e-09	0.010976066	0.0020856857	-0.0003653122	0.84723467	0.015103935	0.2216	6.0	35.00701284408569
28	0.33897477	0.27499092	0.8158601	-0.13395056	500.0	0.05126647	0.08058012	0.2500602	-0.20030689	145000	7.6293943e-10	0.012545471	-0.014100824	-0.0003688559	0.84658444	0.010859435	0.1584	79.0	36.401304960250854
29	0.4697675	0.19223416	0.8077437	0.21837032	500.0	0.065484755	0.079794034	0.26430535	-0.17966536	150000	1.373291e-08	0.009416844	-0.013248839	-0.00060629286	0.8389289	0.0064561563	0.1046	79.0	37.82376503944397
30	0.45679983	0.2761145	0.84435344	-0.02959545	500.0	0.08279888	0.076605074	0.2864051	-0.13383853	155000	-2.2125244e-08	0.010995049	-0.00048178178	0.00028482266	0.8336186	0.0153628355	0.2348	5.0	38.83532977104187
31	0.32181928	0.25799084	0.79459745	-0.05860569	500.0	0.035345577	0.07314588	0.23254038	-0.16353227	160000	-7.6293943e-10	0.012528453	0.0188055	-0.00096751284	0.8341845	0.031061502	0.4022	1.0	39.83163285255432
32	0.53198946	0.19985749	0.84837687	0.17746693	500.0	0.054776713	0.087823234	0.28362137	-0.17799209	165000	-1.2969971e-08	0.011943297	0.017314127	-0.0015963037	0.8343087	0.025479298	0.3664	1.0	40.91934585571289
33	0.63871294	0.18751456	0.9311931	0.20348683	500.0	0.092239924	0.08029215	0.29533648	-0.14625156	170000	1.9073486e-08	0.011528396	0.020793738	-0.00068158004	0.8344189	0.029459096	0.433	1.0	41.97868490219116
34	0.64815414	0.26776507	1.1332934	0.17650086	500.0	0.10930607	0.08609593	0.3539954	-0.118159056	175000	-6.866455e-09	0.011308237	0.008275287	0.000447304	0.83451056	0.022802139	0.3646	3.0	42.98373889923096
35	0.57953554	0.22885078	0.8771999	0.12862816	500.0	0.124817826	0.076363	0.3289377	-0.09401375	180000	6.1035155e-09	0.013484305	-0.014185773	-0.002082646	0.8347226	0.009217408	0.1334	79.0	44.43838286399841
36	0.60618454	0.21204083	0.9907727	0.32994822	500.0	0.105395384	0.09822303	0.34672904	-0.18204376	185000	-1.6784668e-08	0.012963162	0.008772776	-0.00087006204	0.8256448	0.023208333	0.3228	16.0	45.898805141448975
37	0.69156283	0.101354	0.8026164	0.45708224	500.0	0.11120854	0.085636385	0.33567417	-0.13400164	190000	-6.866455e-09	0.009826776	-0.012673338	-0.00035363156	0.82353586	0.008511044	0.122	79.0	47.2087287902832
38	0.5318841	0.24738707	0.8817835	0.10707828	500.0	0.1197305	0.09007855	0.34641966	-0.14767888	195000	1.2207031e-08	0.010911261	0.0033184553	-0.0008825632	0.82159686	0.018265478	0.2708	2.0	48.23989486694336
39	0.71993315	0.22369055	1.0793574	0.31477886	500.0	0.09692992	0.08798686	0.3164004	-0.15341178	200000	3.8146974e-09	0.009789549	-0.015134951	-0.0008658655	0.82149804	0.010797833	0.1228	79.0	49.60583996772766
40	0.6507692	0.18002178	0.9386079	0.40856257	500.0	0.12099407	0.09105521	0.35010237	-0.12806901	205000	-1.6021728e-08	0.008768303	-0.014217219	0.00032703578	0.82281345	0.009712538	0.1258	79.0	50.83801198005676
41	0.757014	0.15636906	0.98657537	0.5612762	500.0	0.1446061	0.09101117	0.37578368	-0.104828075	210000	2.2888185e-09	0.01016938	0.0025779717	-0.00069580507	0.8209917	0.022054741	0.319	6.0	51.89788198471069
42	0.7078974	0.23318993	1.1969506	0.34700328	500.0	0.12575038	0.10065013	0.39050126	-0.15515187	215000	-4.577637e-09	0.01005869	0.0063521643	-0.0007975288	0.82092935	0.024623116	0.3464	1.0	52.86190485954285
43	0.6964194	0.18057822	0.9814112	0.3891702	500.0	0.1265779	0.0891477	0.38050747	-0.12714155	220000	2.2888184e-08	0.0076414254	0.008622443	-0.00038077636	0.8209261	0.016332747	0.2222	1.0	53.94639587402344
44	0.64513576	0.16133988	0.8183861	0.2716402	500.0	0.12157013	0.08641186	0.3524657	-0.12706946	225000	9.155274e-09	0.008861434	0.0050113583	-0.00040937867	0.8209297	0.01676021	0.2244	1.0	55.01358699798584
45	0.7121196	0.2318069	1.1027042	0.2996015	500.0	0.11402348	0.087013744	0.35956162	-0.14695211	230000	1.5258789e-09	0.008375485	-0.012904341	0.0012690732	0.82094795	0.0065103094	0.1142	79.0	56.27422595024109
46	0.7812513	0.19727866	1.1473529	0.44018576	500.0	0.1090525	0.088942274	0.37747493	-0.12863517	235000	0.0	0.009650648	-0.013387436	-0.0011386005	0.8198835	0.01250993	0.1278	79.0	57.57797193527222
47	0.7543922	0.2090169	1.0547498	0.24181037	500.0	0.1331976	0.089731865	0.39520514	-0.12889595	240000	-9.155274e-09	0.008358678	-0.013914106	-0.0006404002	0.8134516	0.01300639	0.12	79.0	59.005115032196045
48	0.81487113	0.09384416	0.95566744	0.66227174	500.0	0.13006745	0.095481314	0.42028555	-0.15628326	245000	0.0	0.006572103	0.0026307877	-0.0004277788	0.8110402	0.018144654	0.283	2.0	60.11484384536743
49	0.92274886	0.15261982	1.2905889	0.6760567	500.0	0.14042613	0.092331626	0.42680573	-0.12874293	250000	6.1035155e-09	0.0073116934	-0.014239165	-0.00067959493	0.8110875	0.008765035	0.1284	79.0	61.303972005844116
50	0.9209717	0.14588726	1.2334665	0.7301004	500.0	0.15700725	0.096949056	0.4602544	-0.13425452	255000	-9.155274e-09	0.0069293594	0.004154542	-8.175289e-05	0.81090146	0.01797937	0.2976	10.0	62.270084857940674
51	0.9888509	0.13434896	1.2225351	0.7865771	500.0	0.1373207	0.103553385	0.47541207	-0.14027102	260000	-2.6702882e-08	0.0076548136	0.0012170654	-0.0017470382	0.8092082	0.015792409	0.2094	2.0	63.20767402648926
52	0.9723935	0.21986134	1.367804	0.56775475	500.0	0.16899468	0.10281165	0.46327162	-0.14212452	265000	-3.0517577e-09	0.008118309	-0.014892848	0.00070362166	0.80868375	0.009766465	0.1338	79.0	64.40380191802979
53	1.0282482	0.20670068	1.3269821	0.6205248	500.0	0.15679756	0.10395559	0.46433496	-0.15059248	270000	-1.373291e-08	0.008816395	1.1991882e-05	-0.0007137675	0.7990467	0.015210883	0.268	14.0	65.4271650314331
54	0.9196652	0.1517381	1.2230184	0.69273007	500.0	0.17744572	0.107701235	0.492423	-0.11012079	275000	-6.4849854e-09	0.0072117094	0.00282808	-0.00077204267	0.79626626	0.016196242	0.2316	2.0	66.40634298324585
55	1.0375721	0.19912915	1.3771473	0.7416887	500.0	0.16577277	0.105537795	0.48834956	-0.14243993	280000	1.4877319e-08	0.007274942	0.0008746048	-0.00052018976	0.79573447	0.016726619	0.2142	8.0	67.40925812721252
56	1.0253247	0.10900133	1.2301933	0.8447128	500.0	0.17727485	0.106007405	0.49756014	-0.1254054	285000	-1.6021728e-08	0.0061844713	-0.015768452	-7.244432e-05	0.7937281	0.011530105	0.1226	79.0	68.8035569190979
57	1.1031406	0.30999658	1.553856	0.5420387	500.0	0.17744862	0.10553738	0.5005239	-0.110991955	290000	2.4414062e-08	0.007941289	-0.013624581	-0.0003289706	0.79017425	0.006821367	0.1086	79.0	69.99548077583313
58	1.0758283	0.19122781	1.3934729	0.8277028	500.0	0.18639053	0.11043498	0.51069593	-0.12983502	295000	4.196167e-09	0.008326389	0.0015502926	-0.00022450183	0.7864034	0.018308075	0.2604	2.0	70.91625189781189
59	1.1527077	0.19146593	1.4599053	0.7684971	500.0	0.18014935	0.11491023	0.5056571	-0.1386319	300000	-3.0517577e-09	0.008701979	-0.014445795	-0.00056591444	0.7864043	0.0071879905	0.1158	79.0	72.07418513298035
60	1.0587559	0.13999316	1.2944527	0.7887753	500.0	0.1978157	0.112702504	0.5206695	-0.12351899	305000	5.340576e-09	0.006965991	0.010312704	-0.00040630857	0.77617735	0.018782096	0.2746	4.0	73.00544381141663
61	0.98947084	0.22724216	1.4442866	0.67015415	500.0	0.1813905	0.111824416	0.5096761	-0.13287269	310000	1.9073487e-09	0.007452017	0.003117465	-0.0004517669	0.77629405	0.01711458	0.2526	8.0	73.97350478172302
62	1.1074274	0.19424374	1.3802083	0.7241116	500.0	0.16733724	0.12058867	0.51725835	-0.171346	315000	-2.8610229e-08	0.0072502107	-0.014759169	-0.00042717857	0.776332	0.007989563	0.1236	79.0	75.21339988708496
63	1.1267498	0.19496104	1.3653847	0.69698477	500.0	0.18462956	0.12048401	0.5208915	-0.1488062	320000	-1.373291e-08	0.0067865294	0.0040314603	-0.00032809982	0.76734674	0.016546778	0.2216	7.0	76.18207502365112
64	1.0367543	0.14383827	1.2898722	0.80459976	500.0	0.19423284	0.1141899	0.5257319	-0.12480678	325000	2.0599366e-08	0.007021414	0.022712654	-0.00038070977	0.76693594	0.026068471	0.3992	1.0	77.10384893417358
65	0.9699791	0.16088265	1.1911498	0.7072977	500.0	0.18082836	0.109502345	0.502536	-0.12718295	330000	1.2588501e-08	0.0072495635	0.018797882	-0.00063864747	0.76687264	0.04297973	0.464	3.0	78.25966501235962
66	1.0205101	0.21144137	1.3115616	0.60025364	500.0	0.1679507	0.11444645	0.5119872	-0.14549977	335000	2.5177002e-08	0.006789113	0.010738587	-0.00014689565	0.76647544	0.017611653	0.2782	1.0	79.21177792549133
67	1.2561429	0.12138915	1.46554	1.0990571	500.0	0.16584371	0.11860433	0.50602597	-0.15543228	340000	7.629395e-09	0.008372405	0.017265292	-0.0018452457	0.7663195	0.028664386	0.3696	3.0	80.1323299407959
68	1.1429806	0.16708334	1.4324672	0.84503675	500.0	0.20929556	0.11660322	0.5480665	-0.11367418	345000	-1.8310548e-08	0.0066680238	0.003065456	-0.0005312129	0.7658221	0.018866824	0.2496	14.0	81.09331583976746
69	1.0895921	0.15846205	1.3709383	0.87747675	500.0	0.19840051	0.116030514	0.536364	-0.120558724	350000	-6.1035155e-09	0.0066836565	0.002173054	-0.00029269792	0.7636825	0.015588316	0.2168	4.0	82.01213598251343
70	1.0769442	0.15120807	1.3568536	0.8960008	500.0	0.18715371	0.118971616	0.53450465	-0.1537475	355000	-3.4332275e-09	0.006049263	-0.012054146	-0.00025849836	0.7630411	0.016265493	0.2102	78.0	83.15951085090637
71	1.055183	0.19824736	1.463414	0.8077415	500.0	0.18532911	0.11996626	0.5064633	-0.15692952	360000	-8.010864e-09	0.007689573	0.0022455887	-0.0001819497	0.75931007	0.017597139	0.245	14.0	84.12240481376648
72	1.1644609	0.25754645	1.5193028	0.571293	500.0	0.18065876	0.12265625	0.5184727	-0.16223174	365000	4.196167e-09	0.008985911	-0.014704257	-0.00065999385	0.7580455	0.01464441	0.1452	79.0	85.27583193778992
73	1.1006254	0.14785463	1.3786757	0.88293856	500.0	0.199686	0.11202141	0.5127284	-0.11493011	370000	-1.1444092e-08	0.0056478386	-0.012246844	-0.00037488388	0.74892795	0.014116065	0.1238	79.0	86.4356119632721
74	1.0440997	0.21952115	1.467731	0.8015639	500.0	0.18930097	0.11558887	0.5331599	-0.12521705	375000	-1.411438e-08	0.007339835	-0.015857222	-0.0004525222	0.74697393	0.0109760165	0.132	79.0	87.58102416992188
75	1.2584596	0.081621386	1.4074266	1.1594158	500.0	0.17805465	0.120754965	0.51239026	-0.16405912	380000	4.577637e-09	0.0077740806	-0.015139852	-0.0017955098	0.7475711	0.012044775	0.1422	79.0	88.7480001449585
76	1.221775	0.17188662	1.4877425	0.9713719	500.0	0.2141273	0.119703546	0.5664523	-0.08931887	385000	1.7738342e-08	0.010000611	0.0031607621	-0.001271911	0.7409945	0.015456743	0.2168	6.0	89.66994595527649
77	1.126535	0.13011613	1.354573	0.98340315	500.0	0.20679848	0.13167252	0.55382836	-0.15566239	390000	-1.2969971e-08	0.0082023805	-0.016392145	-0.0013671196	0.7407835	0.013391444	0.1256	79.0	90.82369804382324
78	1.2414465	0.20758119	1.5827143	0.97305113	500.0	0.19195585	0.12175794	0.5135439	-0.13004851	395000	1.2588501e-08	0.008555119	-0.016229406	-0.00085115386	0.7355831	0.010356948	0.1502	79.0	92.00667095184326
79	1.2811632	0.09598625	1.403469	1.0227007	500.0	0.2141807	0.1191972	0.54916084	-0.111366436	400000	-5.722046e-09	0.0056634764	-0.01674838	-0.00020784745	0.73229766	0.011493384	0.152	79.0	93.21024084091187
80	1.2558434	0.15757182	1.532921	0.98741674	500.0	0.2210582	0.1176711	0.5386984	-0.10235615	405000	9.918213e-09	0.005634158	0.002642887	-0.00013491465	0.7299247	0.016453644	0.2956	14.0	94.21029686927795
81	1.327833	0.17612852	1.6357117	1.0383989	500.0	0.2165382	0.117679924	0.5364288	-0.11179611	410000	2.0408631e-08	0.007090633	-0.0065061217	-0.00039338088	0.73000187	0.015228865	0.1982	48.0	95.29624390602112
82	1.2389113	0.15510255	1.4608165	1.0363821	500.0	0.22870316	0.12304097	0.56846505	-0.09411077	415000	-2.07901e-08	0.006708218	0.011684708	-0.00067782216	0.7283434	0.028315777	0.3694	6.0	96.2554759979248
83	1.279185	0.16398819	1.5862367	1.0292058	500.0	0.20994166	0.12669393	0.5507985	-0.14474657	420000	5.531311e-09	0.006386772	0.002063234	-0.00022925204	0.7282245	0.016971212	0.2806	7.0	97.1957778930664
84	1.2840519	0.21083567	1.660878	0.9442809	500.0	0.21051802	0.12579963	0.54253346	-0.11564751	425000	-3.0517577e-09	0.007746404	-0.014749046	-0.00026311073	0.7284136	0.008280874	0.14	79.0	98.35415291786194
85	1.3088772	0.13933185	1.5181602	1.08551	500.0	0.21807715	0.13571025	0.58057094	-0.14312634	430000	-1.2969971e-08	0.006206834	-0.011546554	-0.00040360726	0.7225253	0.015707484	0.2076	42.0	99.40168690681458
86	1.3085096	0.22095685	1.7455246	0.9314648	500.0	0.22134173	0.122181274	0.5581131	-0.0888361	435000	-1.0299683e-08	0.007678681	-0.008118156	-0.0007114676	0.71877736	0.01605998	0.19	20.0	100.37599015235901
87	1.2739153	0.24397045	1.6237925	0.7938668	500.0	0.22222483	0.14046088	0.5837383	-0.16175365	440000	1.3351441e-08	0.0076665916	-0.017128251	-0.0005791541	0.7154053	0.00920079	0.1716	79.0	101.53447675704956
88	1.3453387	0.21172082	1.8000269	1.0854539	500.0	0.2128141	0.14088792	0.5732312	-0.15951368	445000	-6.4849854e-09	0.007823994	-0.017473835	-0.0014646752	0.7041154	0.01239641	0.1718	79.0	102.69752192497253
89	1.424772	0.18583505	1.8270878	1.1261728	500.0	0.23544472	0.12543203	0.58233213	-0.0851599	450000	-2.861023e-09	0.006448502	-0.01538432	-0.00044320058	0.70531446	0.012175554	0.1722	79.0	103.85498785972595
90	1.4371297	0.115143746	1.6684667	1.2333509	500.0	0.24466406	0.13432108	0.606477	-0.09134683	455000	1.5258789e-09	0.0062315012	-0.012832899	-0.0002284483	0.69610107	0.009925239	0.1228	79.0	105.01043891906738
91	1.4527133	0.19503187	1.7620696	1.0989798	500.0	0.24635528	0.13770059	0.6066283	-0.105264544	460000	-1.449585e-08	0.0068943985	0.003160228	-0.0001807739	0.6962403	0.019657806	0.265	2.0	105.9417998790741
92	1.4483746	0.19574875	1.8179553	1.2076097	500.0	0.25185245	0.13521916	0.59772426	-0.09354593	465000	9.918213e-09	0.0068668206	0.0046621463	-0.00047878874	0.6962802	0.018048752	0.309	4.0	106.96479606628418
93	1.5561314	0.18944941	1.8465078	1.2570586	500.0	0.24241726	0.13670757	0.5927279	-0.10444586	470000	-1.2969971e-08	0.008044008	0.030513417	-0.0008582105	0.6962997	0.038846295	0.4954	1.0	107.89341974258423
94	1.5590346	0.09976493	1.7016996	1.4074465	500.0	0.26193848	0.14762233	0.61810565	-0.13706769	475000	1.1825562e-08	0.0060792905	0.023299022	-0.00028280867	0.6962513	0.032320604	0.4038	1.0	108.92914891242981
95	1.658281	0.1405584	1.9158196	1.4670812	500.0	0.2626827	0.1389829	0.6107028	-0.10455811	480000	-2.2888185e-09	0.0076076617	0.02230728	-0.00065151695	0.69621336	0.037761085	0.4406	1.0	110.09434390068054
96	1.6695149	0.21168862	2.0652933	1.3172559	500.0	0.28100976	0.14717504	0.63002235	-0.09963168	485000	2.2888184e-08	0.008115689	0.020489886	-0.00032899808	0.6961903	0.028183147	0.3976	1.0	111.14743304252625
97	1.6857214	0.14995673	1.9362084	1.455723	500.0	0.2801701	0.15786238	0.64314467	-0.13526127	490000	7.247925e-09	0.0062095835	0.022578236	-0.00016673515	0.69615704	0.03508087	0.4412	1.0	112.19123578071594
98	1.6456175	0.23341575	2.0948088	1.3010479	500.0	0.30084407	0.15341854	0.6619266	-0.11395706	495000	1.9073486e-08	0.009243135	0.016617035	-0.0010311976	0.6961213	0.030627282	0.365	1.0	113.23773384094238
99	1.8492445	0.16648379	2.1205797	1.6144054	500.0	0.27427515	0.16385926	0.6406213	-0.16038479	500000	3.852844e-08	0.007461224	0.012208278	-0.0013203686	0.69606704	0.01801665	0.3028	1.0	114.4407958984375
100	1.794849	0.1600497	2.0351245	1.4988742	500.0	0.30501238	0.16338307	0.6398709	-0.13845654	505000	-1.7929077e-08	0.005662343	0.014414985	-0.00037983852	0.6960157	0.02876157	0.3798	1.0	115.43797373771667
101	1.8723412	0.11673623	2.0416958	1.6934495	500.0	0.29514924	0.1578152	0.62017024	-0.11393069	510000	-7.6293943e-10	0.006343771	0.018693497	-0.00068091555	0.695972	0.02728634	0.4122	1.0	116.45192575454712
102	1.9375225	0.18551077	2.3661942	1.74499	500.0	0.3097086	0.15805644	0.6482736	-0.11840792	515000	-1.9073486e-08	0.0054381713	0.017149337	-0.00025630603	0.69590396	0.022128465	0.3916	1.0	117.56077098846436
103	1.8623073	0.11447652	2.0487595	1.6612391	500.0	0.3164168	0.15888219	0.63971287	-0.10626353	520000	-2.5177002e-08	0.005484905	0.018924247	-0.00030802377	0.6958543	0.028231217	0.3908	1.0	118.57982587814331
104	1.987764	0.15362787	2.183831	1.6787248	500.0	0.30635455	0.1632836	0.64495313	-0.12480301	525000	-3.4332275e-09	0.0056921327	0.023605786	-0.0006410149	0.69578296	0.0432742	0.4884	1.0	119.60311508178711
105	1.9818119	0.08988297	2.0718277	1.7653316	500.0	0.32708517	0.16430257	0.6605722	-0.10413943	530000	1.6021728e-08	0.0047823414	0.02897614	-0.00033424934	0.6957199	0.040988576	0.4696	1.0	120.6681501865387
106	2.0660152	0.13821064	2.2902372	1.7549889	500.0	0.32582086	0.15996116	0.67096317	-0.078344345	535000	-2.1362304e-08	0.006025871	0.02912521	-0.00049221655	0.69564843	0.037567113	0.4892	1.0	121.69653677940369
107	2.0640187	0.11291859	2.289195	1.8723494	500.0	0.33977616	0.16502455	0.6702162	-0.102383226	540000	9.918213e-09	0.0047112955	0.02238023	-3.173668e-05	0.69557166	0.027505154	0.4174	1.0	122.93356800079346
108	2.0972698	0.11724586	2.281799	1.907708	500.0	0.3307206	0.16799775	0.6695944	-0.10597281	545000	1.2207031e-08	0.0042344457	0.014430283	-0.00021428987	0.6955034	0.019731922	0.3386	1.0	124.08072996139526
109	2.0364108	0.092973895	2.180148	1.9128253	500.0	0.33624405	0.1655216	0.69113064	-0.103470415	550000	1.2969971e-08	0.004411082	0.020458855	-0.00022071181	0.6954175	0.036995027	0.4458	1.0	125.117910861969
110	2.0721307	0.094915554	2.2003477	1.9020587	500.0	0.32499877	0.16814907	0.65692174	-0.12372014	555000	7.247925e-09	0.004111939	0.030389769	-0.00070194923	0.6953256	0.043941893	0.5086	1.0	126.0945680141449
111	2.0798564	0.14041089	2.3645356	1.9345688	500.0	0.3424232	0.15687698	0.66631424	-0.06976147	560000	8.392334e-09	0.0039903633	0.02565227	-0.0002300134	0.69522417	0.039352696	0.4476	1.0	127.06683611869812
112	2.2122445	0.13064617	2.3576977	1.9373424	500.0	0.34664142	0.16297105	0.67561156	-0.09303668	565000	4.119873e-08	0.004231228	0.021726377	-0.00031369785	0.69510424	0.03005997	0.4334	1.0	128.0111699104309
113	2.0861242	0.08473489	2.2370622	1.9422094	500.0	0.35969833	0.16643453	0.689367	-0.085511714	570000	1.6784668e-08	0.0034732327	0.020424973	-0.00040601497	0.6949914	0.041135326	0.4504	1.0	128.9526789188385
114	2.1901038	0.12878333	2.4172628	1.9896271	500.0	0.3414819	0.16615342	0.6750176	-0.1063361	575000	1.2207031e-08	0.003835488	0.0299013	-0.00079217274	0.69491255	0.0378893	0.4792	1.0	129.90109395980835
115	2.1728165	0.08743864	2.395759	2.0552301	500.0	0.36062327	0.15326335	0.6663892	-0.057950914	580000	-2.6702882e-08	0.0032285773	0.030863594	-0.00038339896	0.6948209	0.04090946	0.4926	1.0	130.84248685836792
116	2.2885835	0.09987324	2.4693334	2.1733932	500.0	0.35541278	0.16068746	0.6907139	-0.08071937	585000	5.340576e-09	0.0034634792	0.018877111	-0.00052978983	0.6947405	0.020736204	0.3746	1.0	131.84707903862
117	2.1728206	0.10407289	2.3167846	1.9670625	500.0	0.37567598	0.15827522	0.70829105	-0.057094246	590000	1.1062622e-08	0.0034843117	0.014156084	-0.00048727333	0.6946284	0.022947636	0.3588	1.0	132.78113389015198
118	2.2737298	0.068008	2.4054797	2.1616244	500.0	0.3583648	0.15032157	0.6700057	-0.051042974	595000	3.051758e-08	0.0031611612	0.013050809	-0.0005503909	0.69452435	0.02157678	0.3262	1.0	134.30415391921997
119	2.2345777	0.06970815	2.353686	2.1503572	500.0	0.37302157	0.1644533	0.70984435	-0.08022912	600000	-1.5640259e-08	0.0027517865	0.012951049	-0.0001959228	0.6944323	0.0203937	0.3466	1.0	135.29642701148987
120	2.2474103	0.057643104	2.353742	2.1803918	500.0	0.36587307	0.15912963	0.6828824	-0.07424426	605000	2.9754638e-08	0.002554688	0.014759321	-8.4618805e-05	0.69433	0.027843202	0.4024	1.0	136.36435294151306
121	2.3310275	0.067033425	2.454537	2.2277098	500.0	0.37031737	0.15733859	0.691874	-0.06522995	610000	4.8446655e-08	0.002528589	0.01591143	-0.00027235784	0.69423	0.028618366	0.3716	1.0	137.30549097061157
122	2.2677019	0.04881098	2.371822	2.2012413	500.0	0.3842317	0.1534891	0.6970222	-0.045822725	615000	4.005432e-08	0.0025652284	0.015422121	-0.00023316406	0.6941244	0.022146206	0.3334	1.0	138.23131489753723
123	2.3307269	0.07096476	2.4660823	2.2304075	500.0	0.3727901	0.1581474	0.6993383	-0.06771432	620000	6.866455e-09	0.0025554842	0.014739633	0.00026552659	0.69405717	0.024308445	0.3824	1.0	139.3097071647644
124	2.3487225	0.042474538	2.4192576	2.2834141	500.0	0.36128992	0.16126785	0.69863236	-0.07336652	625000	-1.6021728e-08	0.0030718937	0.017867664	-0.0007970531	0.69395256	0.026487656	0.3958	1.0	140.26905512809753
125	2.3480554	0.05264009	2.4194648	2.2465003	500.0	0.38410804	0.15409066	0.69989467	-0.043254048	630000	6.866455e-09	0.0021962167	0.018729592	-9.694835e-06	0.6938604	0.033447765	0.4024	3.0	141.36886882781982
126	2.3389754	0.099672444	2.496112	2.2156417	500.0	0.37703043	0.15814611	0.69798046	-0.062306717	635000	1.1444092e-09	0.0024775597	0.013925498	-0.00013212021	0.6937323	0.02491798	0.3754	1.0	142.3357219696045
127	2.3157752	0.06486913	2.4192805	2.2117789	500.0	0.38374287	0.15905981	0.7116636	-0.05863431	640000	6.4849854e-09	0.0020593642	0.02130017	-7.549906e-05	0.69371045	0.0313938	0.4462	1.0	143.3337800502777
128	2.3290646	0.07155822	2.4842253	2.2393258	500.0	0.37837812	0.15599713	0.70170295	-0.051909894	645000	-3.8146972e-10	0.0024827467	0.020989668	-9.4935065e-05	0.69367766	0.029477615	0.4252	1.0	144.3302459716797
129	2.3057287	0.08330672	2.4503703	2.167205	500.0	0.38484454	0.15293382	0.6997955	-0.04098168	650000	-3.7765503e-08	0.0027882375	0.0146871125	-0.00018499303	0.6936568	0.025374569	0.3366	1.0	145.5799298286438
130	2.298921	0.07480155	2.401955	2.141629	500.0	0.37666216	0.15893084	0.69725376	-0.062625036	655000	-3.3569336e-08	0.0025897198	0.0075908983	-4.7377544e-05	0.69362646	0.025099656	0.3296	6.0	146.59473586082458
131	2.2235913	0.08129937	2.3885942	2.0878522	500.0	0.38792092	0.16471894	0.71856344	-0.0644429	660000	-3.3569336e-08	0.0031185905	0.004523376	-0.000715856	0.6933181	0.018117405	0.2136	1.0	147.63583183288574
132	2.2756965	0.1177271	2.5014741	2.030167	500.0	0.36289874	0.16576673	0.68735963	-0.09792264	665000	2.0599366e-08	0.0027788822	3.7137605e-05	-0.00028020516	0.6932562	0.018773176	0.2654	61.0	148.8667950630188
133	2.2945015	0.062210694	2.4048579	2.222211	500.0	0.37251815	0.15807723	0.6879208	-0.06653616	670000	6.1035155e-09	0.0022815382	0.0023552536	-0.000121841906	0.6842799	0.015497805	0.2336	4.0	149.82331776618958
134	2.2573662	0.12512158	2.4395506	2.0126598	500.0	0.37370065	0.16419663	0.70295537	-0.074593976	675000	-3.8146972e-10	0.0032183102	-0.012326082	-0.00013937522	0.68406284	0.008849589	0.0966	79.0	151.15265893936157
135	2.2568269	0.046972442	2.328865	2.179118	500.0	0.3701988	0.16740309	0.70315117	-0.0913537	680000	-1.0681152e-08	0.0023991868	-0.013747017	0.00026703184	0.6822953	0.0099069355	0.1258	79.0	152.3937849998474
136	2.2547743	0.06676157	2.329711	2.126616	500.0	0.3564603	0.16597162	0.6842195	-0.1011319	685000	4.196167e-08	0.0021456464	-0.012590427	-4.8432034e-05	0.6823456	0.0058556814	0.1196	79.0	153.637757062912
137	2.3119721	0.079536505	2.423654	2.155753	500.0	0.3536588	0.1676009	0.68276525	-0.10647592	690000	3.4332275e-09	0.0030980988	0.002184274	-0.0008715242	0.6727923	0.018648978	0.2494	2.0	154.58621191978455
138	2.2870572	0.050862335	2.387129	2.1999393	500.0	0.37880984	0.15796724	0.691603	-0.0517883	695000	1.7166137e-08	0.0022474774	0.017412944	-0.00017449493	0.6727577	0.026834967	0.3862	6.0	155.55330181121826
139	2.3472853	0.09934611	2.511458	2.174992	500.0	0.37477022	0.1632762	0.6894285	-0.06858997	700000	1.1444092e-09	0.002687301	0.0042794235	-0.0001667398	0.6723441	0.016356338	0.2496	11.0	156.55842280387878
140	2.2993073	0.06762877	2.3659182	2.1576393	500.0	0.38316646	0.16247146	0.69490266	-0.060563818	705000	2.2888185e-09	0.002061469	-0.01256505	-0.00011064124	0.6711801	0.01070144	0.121	79.0	157.8097219467163
141	2.3256707	0.06378949	2.4089427	2.2259607	500.0	0.37475327	0.16205178	0.68593174	-0.06468497	710000	2.2125244e-08	0.0021750352	-0.014852606	-0.00017936155	0.6614399	0.008760505	0.133	79.0	159.07206988334656
142	2.3109841	0.10590903	2.4503396	2.1467898	500.0	0.3814093	0.15873273	0.68662906	-0.047527075	715000	-2.0980835e-08	0.002304553	-0.0132327685	-3.5036355e-05	0.6582328	0.0050187306	0.0984	79.0	160.30981302261353
143	2.3636806	0.09078307	2.4885097	2.188095	500.0	0.39436334	0.15841186	0.6983842	-0.036451504	720000	8.010864e-09	0.002271162	-0.013775617	0.0002788168	0.6604197	0.010710972	0.1334	79.0	161.54936289787292
144	2.3206468	0.05829685	2.391619	2.2284868	500.0	0.41782665	0.16025375	0.72796875	-0.019282386	725000	3.5858154e-08	0.0037621837	0.006266195	-0.0016719366	0.65066737	0.022632679	0.3078	6.0	162.51955580711365
145	2.3191612	0.04650091	2.384565	2.2156692	500.0	0.37910965	0.16149941	0.681761	-0.05790706	730000	1.9836426e-08	0.0021417462	0.004010553	0.00012270361	0.65007627	0.01598599	0.23	1.0	163.46293783187866
146	2.353348	0.07474191	2.4725358	2.2321708	500.0	0.39851964	0.16730735	0.714819	-0.057498023	735000	2.9754638e-08	0.0022235312	0.009065738	-0.0004330041	0.6499285	0.021708492	0.3386	1.0	164.40754103660583
147	2.340817	0.041602127	2.438286	2.294086	500.0	0.38449326	0.16273068	0.69805086	-0.04793422	740000	7.629395e-09	0.0016569527	0.010767615	-5.495432e-05	0.6498043	0.018269863	0.2718	1.0	165.36185002326965
148	2.3442311	0.04047058	2.4085007	2.2645168	500.0	0.3818904	0.15965049	0.68668175	-0.045531094	745000	-1.2588501e-08	0.0020160968	0.01225043	-0.00013806077	0.64968175	0.032150786	0.3814	1.0	166.3422417640686
149	2.3203769	0.0636059	2.4743025	2.2097437	500.0	0.3834945	0.16002563	0.695924	-0.038172826	750000	-1.411438e-08	0.0017026919	0.013556623	-6.0386956e-05	0.64953876	0.01872865	0.343	1.0	167.2860188484192
150	2.3334513	0.06397395	2.4507883	2.2522047	500.0	0.3796445	0.16150972	0.69753957	-0.04337436	755000	1.6021728e-08	0.0018273377	0.001924551	-3.740657e-05	0.64939404	0.015310644	0.213	3.0	168.2412030696869
151	2.3389	0.06833743	2.4218416	2.2076585	500.0	0.377628	0.16073878	0.6882763	-0.04826078	760000	-1.1444092e-08	0.0015663826	0.0041337297	-8.504861e-05	0.6491008	0.015071884	0.2506	4.0	169.20033597946167
152	2.3339448	0.056189142	2.4325328	2.2214627	500.0	0.3832906	0.15909773	0.69185877	-0.041840106	765000	-1.6021728e-08	0.0014809394	-0.013308053	-3.2815384e-05	0.64885384	0.005843946	0.1092	79.0	170.50664401054382
153	2.340231	0.068047665	2.4374852	2.249388	500.0	0.3796794	0.15866609	0.6883801	-0.043935403	770000	-2.89917e-08	0.0015820214	0.0028775819	0.00020330155	0.643432	0.02021217	0.2634	2.0	171.4641408920288
154	2.301394	0.045089982	2.369255	2.206898	500.0	0.38424674	0.15769105	0.712137	-0.03770271	775000	-2.0217895e-08	0.0017864492	-0.012570502	-0.0002601609	0.6434117	0.008064652	0.1154	79.0	172.7144899368286
155	2.3590062	0.047023952	2.4127352	2.2692204	500.0	0.37628803	0.1593555	0.6872379	-0.05155228	780000	-1.6784668e-08	0.0016132379	0.0059410995	-0.00012468442	0.6415171	0.017049221	0.2954	10.0	173.69271779060364
156	2.390637	0.04174781	2.486326	2.3421104	500.0	0.38510156	0.16040896	0.7023077	-0.039852157	785000	4.2724608e-08	0.0014737487	-0.013887982	-6.0083927e-05	0.6411099	0.011325829	0.1388	79.0	174.9331338405609
157	2.3819237	0.042752974	2.4463692	2.310757	500.0	0.39022106	0.16007462	0.7018094	-0.03814155	790000	3.4332274e-08	0.0013713368	-0.012889287	-6.813661e-05	0.63251275	0.0055565033	0.117	79.0	176.17647695541382
158	2.3663976	0.059935074	2.457364	2.2523253	500.0	0.38953057	0.15598853	0.7011426	-0.023528278	795000	-9.155274e-09	0.0014692934	-0.012884666	-8.422672e-05	0.62821555	0.010065717	0.1124	79.0	177.4109320640564
159	2.3432145	0.057289567	2.4069471	2.2031794	500.0	0.38350394	0.16101292	0.70822734	-0.04081215	800000	5.3405763e-08	0.0014165902	0.005020712	-7.936405e-05	0.62504697	0.019619456	0.2876	2.0	178.3584988117218
160	2.365284	0.053151112	2.438341	2.275437	500.0	0.3823255	0.15835851	0.70158815	-0.04244469	805000	-3.2806398e-08	0.0013717628	-0.013966053	-7.079926e-05	0.62504005	0.009697318	0.123	79.0	179.59645080566406
161	2.3468888	0.048105597	2.4111753	2.2884817	500.0	0.38822883	0.15300885	0.7052614	-0.027578264	810000	2.89917e-08	0.001698732	0.0062195356	-0.00019278296	0.6166709	0.017429262	0.272	6.0	180.57966709136963
162	2.4133432	0.060890023	2.5242538	2.3303769	500.0	0.38411212	0.16024217	0.70654786	-0.04128711	815000	-1.7547608e-08	0.0015302798	-0.014896198	-0.00015531329	0.61628515	0.009675286	0.1324	79.0	181.83701586723328
163	2.3685842	0.06465845	2.4572363	2.2551053	500.0	0.39478096	0.1601433	0.7206593	-0.02862218	820000	6.103516e-08	0.0013949169	0.002868019	-0.00013150333	0.617479	0.015689965	0.2258	2.0	182.78115391731262
164	2.348507	0.05564513	2.4325387	2.2696064	500.0	0.3861229	0.15918995	0.70729125	-0.042914063	825000	6.866455e-09	0.0012690248	-0.014535849	-3.6136946e-05	0.61747223	0.008060885	0.1322	79.0	184.0280818939209
165	2.420113	0.057452183	2.5010686	2.3093016	500.0	0.3836113	0.15718988	0.7050946	-0.03717482	830000	-6.1035155e-09	0.0015003283	-0.01431041	-0.00014224043	0.61176944	0.0100681735	0.127	79.0	185.27018785476685
166	2.3816063	0.036990557	2.4389145	2.3343272	500.0	0.395161	0.15880662	0.7139774	-0.021627754	835000	-1.0681152e-08	0.0012722143	-0.012198226	-8.2112616e-05	0.603578	0.008695529	0.1234	79.0	186.52226996421814
167	2.4091175	0.062680684	2.537935	2.2820253	500.0	0.39028543	0.15669009	0.7080912	-0.02052413	840000	-9.155274e-09	0.0014603931	-0.013669345	-9.772985e-05	0.5977933	0.004679339	0.1018	79.0	187.87983584403992
168	2.445581	0.062573485	2.569496	2.311504	500.0	0.39345434	0.16320774	0.7238456	-0.034830913	845000	3.5095216e-08	0.0014186491	0.009773733	-0.00010130799	0.5924232	0.021690072	0.3392	5.0	188.833074092865
169	2.4415421	0.071133964	2.5463398	2.348241	500.0	0.39990535	0.16138373	0.720015	-0.023566484	850000	-3.0517577e-09	0.0014151065	0.0269632	-5.1174196e-05	0.5917475	0.036356978	0.4796	1.0	189.800461769104
170	2.471972	0.034070924	2.5608063	2.442376	500.0	0.39808765	0.16280678	0.72748226	-0.030760348	855000	-9.918213e-09	0.0011272539	0.027415415	-6.937259e-05	0.5915724	0.042917106	0.4816	1.0	190.75312685966492
171	2.476077	0.04078176	2.5283818	2.4108279	500.0	0.4028907	0.16308229	0.73367304	-0.025074065	860000	-7.629395e-09	0.0011713661	0.031127641	-6.966235e-05	0.59142166	0.035336167	0.485	1.0	191.71668577194214
172	2.4932678	0.04534795	2.5683062	2.414722	500.0	0.4046311	0.158665	0.72844374	-0.013153613	865000	4.043579e-08	0.0011615339	0.02298884	0.0001969235	0.5912487	0.027394162	0.4096	1.0	192.6729428768158
173	2.4787583	0.046840627	2.5399406	2.3876293	500.0	0.38902244	0.16333261	0.7174423	-0.047082752	870000	6.1035155e-09	0.001455777	0.004769295	-0.00039261347	0.5911091	0.017393826	0.2812	3.0	193.628427028656
174	2.5085595	0.041208047	2.5917923	2.4383047	500.0	0.4048787	0.16048504	0.7388861	-0.016148627	875000	-3.5095216e-08	0.0012433366	-0.010062274	0.00011343812	0.5907673	0.0063868403	0.1318	79.0	194.87257885932922
175	2.5048356	0.03871993	2.5781825	2.4467602	500.0	0.3928552	0.16378985	0.72304934	-0.040049836	880000	3.2806398e-08	0.0013970181	0.0013610107	-0.00034500821	0.58719575	0.017990623	0.2296	2.0	195.8275978565216
176	2.5021954	0.053404327	2.568539	2.411327	500.0	0.409559	0.16173512	0.73570484	-0.014966488	885000	2.2888185e-09	0.0010385495	-0.012717562	0.00017260283	0.5872459	0.007871705	0.117	79.0	197.07149195671082
177	2.511696	0.04276761	2.579109	2.4290452	500.0	0.39064687	0.16321512	0.71244127	-0.04040681	890000	-1.9073486e-08	0.001491699	0.0020671387	-0.00048247003	0.57732487	0.016216325	0.206	2.0	198.02123880386353
178	2.5140462	0.050511662	2.5790036	2.4291577	500.0	0.4120233	0.16129981	0.7386609	-0.01612708	895000	-2.2125244e-08	0.0010701658	0.0039204163	-6.623985e-05	0.57729167	0.0153759215	0.228	9.0	198.99484395980835
179	2.5236616	0.050776366	2.6439435	2.4576278	500.0	0.41238517	0.1589543	0.73261297	-0.015827626	900000	9.155274e-09	0.0010791015	0.026626548	-3.8636266e-05	0.5764062	0.042944655	0.4634	1.0	199.98081803321838
180	2.554397	0.031208262	2.6030116	2.4987378	500.0	0.41437638	0.1613055	0.74302995	-0.020189732	905000	-2.2125244e-08	0.0010200547	0.021483248	-5.9006386e-05	0.5762689	0.034048684	0.4082	1.0	200.93125200271606
181	2.5152078	0.019912511	2.5404613	2.4784338	500.0	0.41926542	0.1626271	0.7461499	-0.021094948	910000	-6.866455e-09	0.0009837652	0.020278303	-0.00010801811	0.5761495	0.020626642	0.3972	1.0	201.8753809928894
182	2.5537252	0.058228444	2.6534083	2.4531908	500.0	0.41258496	0.16123223	0.74085474	-0.021162719	915000	-2.89917e-08	0.0010584593	0.009273015	-6.9040805e-05	0.57601565	0.01880088	0.2344	1.0	202.84846901893616
183	2.5502725	0.029306022	2.6124873	2.5088532	500.0	0.41928223	0.15985301	0.74591196	-0.020868674	920000	2.2888184e-08	0.0010463687	0.008329542	-1.7201877e-05	0.57586044	0.018445345	0.2998	3.0	203.86108875274658
184	2.5428624	0.04834071	2.6516523	2.481432	500.0	0.42105392	0.16071801	0.7425247	-0.022917032	925000	-1.5258789e-09	0.00094233063	0.0057954886	-4.197244e-05	0.5754897	0.016502403	0.2584	3.0	204.82621502876282
185	2.5545409	0.050370198	2.6492586	2.4635375	500.0	0.4211246	0.16109331	0.7482296	-0.020678028	930000	3.0517577e-09	0.0010336231	-0.0071855625	-1.6576378e-06	0.5752146	0.0153155895	0.2166	59.0	206.0358989238739
186	2.54278	0.03864948	2.632464	2.481082	500.0	0.41943672	0.16030894	0.74087465	-0.024730071	935000	-6.1035155e-09	0.0010128615	-0.014403162	-3.4707366e-05	0.5716431	0.011263148	0.1344	79.0	207.316645860672
187	2.5405777	0.043907534	2.6024919	2.477284	500.0	0.41810772	0.15990922	0.74329406	-0.025225177	940000	1.5258789e-09	0.0009605773	-0.013976034	4.912843e-06	0.56333345	0.0055233855	0.1288	79.0	208.56011605262756
188	2.5660303	0.04963839	2.6684146	2.5126638	500.0	0.416257	0.16136092	0.7426871	-0.024185061	945000	-3.051758e-08	0.0009443228	-0.013451254	-7.042178e-05	0.5560927	0.009527187	0.1426	79.0	209.8236789703369
189	2.5609818	0.044018883	2.6172235	2.4665504	500.0	0.42451227	0.1609533	0.7482109	-0.024493486	950000	1.9073486e-08	0.0009836346	0.0032744317	-2.172665e-05	0.54369885	0.017934866	0.2404	10.0	211.00791692733765
190	2.585246	0.024372913	2.6188617	2.551299	500.0	0.42121693	0.1609072	0.74514073	-0.026437059	955000	-1.7547608e-08	0.00092384673	-0.0002818222	0.00026827073	0.54359305	0.017647626	0.2326	5.0	211.97150182724
191	2.5895848	0.03500679	2.6675644	2.5490866	500.0	0.41479385	0.16120161	0.7447739	-0.028570428	960000	2.0217895e-08	0.0012444435	-0.012770685	-0.00040278706	0.54296803	0.012995304	0.1234	79.0	213.25062489509583
192	2.5781307	0.027884362	2.6175306	2.534717	500.0	0.4270034	0.16030759	0.75083345	-0.027815163	965000	-2.1362304e-08	0.0008747842	-0.008231773	-4.0623476e-05	0.5415706	0.007782158	0.1452	79.0	214.49354100227356
193	2.5934505	0.04238106	2.6622355	2.5386028	500.0	0.4229211	0.16189134	0.7486331	-0.028121412	970000	2.0599366e-08	0.001025139	0.0061224154	0.00017803069	0.5373219	0.01638665	0.2634	4.0	215.45328378677368
194	2.5848527	0.02874394	2.6373897	2.5510042	500.0	0.42825288	0.16087352	0.7621182	-0.014731944	975000	-1.8310548e-08	0.0010025575	0.019731335	-0.00021000253	0.5375121	0.028887976	0.3848	1.0	216.3962709903717
195	2.5863323	0.041460015	2.645921	2.5187218	500.0	0.42520285	0.16261049	0.75344384	-0.029496282	980000	2.822876e-08	0.00089487963	0.013727884	-1.16699375e-05	0.53759056	0.02135284	0.3624	1.0	217.34605288505554
196	2.5883384	0.037985396	2.657002	2.5119808	500.0	0.42635864	0.16168459	0.75281507	-0.030201033	985000	1.6784668e-08	0.00083032635	0.010369409	1.9099156e-05	0.5376627	0.016455024	0.2824	1.0	218.39025115966797
197	2.602363	0.038048036	2.6611998	2.524836	500.0	0.42544648	0.16065118	0.7477035	-0.034106374	990000	1.2207031e-08	0.00087001675	0.009330889	2.0025938e-05	0.53772724	0.018407933	0.301	1.0	219.32560014724731
198	2.5959268	0.033004176	2.6480649	2.5432143	500.0	0.42614448	0.16157256	0.74330366	-0.03637153	995000	6.1035155e-09	0.0008628206	0.0060367147	7.6065946e-05	0.53778195	0.017738631	0.2874	9.0	220.30704998970032
199	2.5987852	0.0258625	2.6424844	2.5602942	500.0	0.44086313	0.16021922	0.7775159	-0.019698933	1000000	9.918213e-09	0.0009464346	0.027007373	-0.00017430715	0.5376079	0.037839673	0.475	1.0	221.25429487228394
200	2.5803907	0.03163193	2.6262076	2.528847	500.0	0.4287218	0.16179477	0.7595842	-0.031991884	1005000	-6.2561035e-08	0.0008443806	0.016456274	0.00033822097	0.5375502	0.024041135	0.3406	1.0	222.20084381103516
201	2.5737534	0.038531583	2.6395347	2.5253017	500.0	0.40307018	0.16397738	0.7394319	-0.04712744	1010000	2.2888185e-09	0.0012818909	0.0018057983	-0.0005163739	0.53751737	0.015501904	0.1596	2.0	223.16019892692566
202	2.581778	0.03736635	2.6448364	2.4953375	500.0	0.42726612	0.16072059	0.7545333	-0.03229183	1015000	1.0681152e-08	0.0008015597	0.01780998	-3.151968e-05	0.5374373	0.021300338	0.3616	1.0	224.13926196098328
203	2.5844893	0.03156573	2.6489773	2.5428205	500.0	0.42508656	0.16432625	0.7549362	-0.032261163	1020000	-1.0681152e-08	0.0007524584	0.024879817	-4.046643e-05	0.537395	0.04735011	0.5076	1.0	225.0984320640564
204	2.5870798	0.034277193	2.638544	2.5287535	500.0	0.42552227	0.16206205	0.7592057	-0.033757955	1025000	4.577637e-09	0.000774159	0.024333082	2.0134205e-05	0.5373583	0.036863793	0.4246	1.0	226.07673597335815
205	2.5956256	0.031961605	2.6358876	2.5403981	500.0	0.41851074	0.16139589	0.7401806	-0.036684006	1030000	2.2888184e-08	0.00088059204	0.01977497	-4.326302e-05	0.5373345	0.024463177	0.4046	1.0	227.0240819454193
206	2.585508	0.039758768	2.6500642	2.5015228	500.0	0.4169971	0.16275214	0.76027775	-0.042653933	1035000	4.7302247e-08	0.0008716816	0.013963972	-0.00011445256	0.53731894	0.027693145	0.4004	3.0	228.03557109832764
207	2.5663157	0.03782138	2.6250386	2.4898365	500.0	0.4259922	0.16127037	0.7585998	-0.03551422	1040000	-2.4414062e-08	0.00077573035	0.007420208	-3.9243605e-06	0.53719944	0.015443591	0.2466	3.0	228.98943090438843
208	2.5885932	0.019115306	2.621397	2.5545084	500.0	0.43339166	0.15988897	0.7559084	-0.028699204	1045000	-2.6702882e-08	0.00078515196	0.0039866758	-9.054621e-05	0.5370158	0.017531322	0.2106	10.0	229.96785378456116
209	2.5929937	0.034401227	2.646935	2.5186932	500.0	0.42622128	0.16022368	0.7557063	-0.037497997	1050000	-9.155274e-09	0.00079216855	0.031736508	-4.110101e-06	0.53602195	0.03842809	0.4894	1.0	230.91672897338867
210	2.6162846	0.03455279	2.6608753	2.5444098	500.0	0.42606992	0.16084352	0.7500227	-0.0338099	1055000	-1.9073486e-08	0.00069444324	0.02596052	0.001659347	0.5359029	0.03326055	0.468	1.0	231.9178147315979
211	2.6040425	0.020184096	2.6397817	2.5646343	500.0	0.4720896	0.1586442	0.8017403	-0.0013281554	1060000	3.0517577e-09	0.0026732227	0.026555562	-0.0019575616	0.5358034	0.039900143	0.4726	1.0	232.866464138031
212	2.5967703	0.027453737	2.6462011	2.562903	500.0	0.4293121	0.15977447	0.7523609	-0.03142768	1065000	-7.629395e-09	0.00066455686	0.021384038	-2.6661088e-05	0.535698	0.03500497	0.4428	1.0	233.81575989723206
213	2.5927951	0.02220238	2.6326616	2.5671275	500.0	0.42867452	0.16136096	0.7588632	-0.03403938	1070000	-3.7384034e-08	0.0007138109	0.018157901	-5.6229183e-06	0.53559303	0.03180434	0.4202	1.0	234.7630307674408
214	2.578685	0.01925509	2.6138616	2.5457556	500.0	0.42493418	0.1617566	0.7547153	-0.034310505	1075000	1.9836426e-08	0.00066711404	0.016935749	0.00020791608	0.53550404	0.029295038	0.3598	1.0	235.70906496047974
215	2.5641613	0.027640311	2.6083193	2.5254536	500.0	0.43380684	0.1608467	0.76605785	-0.031864733	1080000	9.155274e-09	0.0009901169	0.014549623	-1.4391844e-05	0.53542244	0.026979495	0.3734	1.0	236.6529779434204
216	2.5786204	0.03385754	2.6462717	2.529675	500.0	0.40531334	0.16087978	0.74988705	-0.036148056	1085000	-4.501343e-08	0.0010249281	0.00014229355	-0.00040599646	0.5353382	0.017633982	0.2042	2.0	237.59680008888245
217	2.556786	0.025168661	2.598138	2.5083034	500.0	0.421173	0.1600434	0.7543717	-0.03578894	1090000	-6.1035155e-09	0.00065409194	0.01896673	2.1421001e-06	0.5352499	0.03345303	0.4272	1.0	238.53914499282837
218	2.5883143	0.04450383	2.6654887	2.5058415	500.0	0.41426656	0.15989785	0.7513118	-0.032796055	1095000	1.525879e-08	0.00083505095	0.014372952	-0.000100339006	0.53521854	0.026170205	0.346	1.0	239.48232579231262
219	2.5898592	0.022077154	2.61922	2.5474997	500.0	0.4131355	0.16245864	0.7451319	-0.04665105	1100000	3.8909914e-08	0.0007551721	0.008771665	-0.0001463709	0.53521705	0.017016258	0.2668	1.0	240.423593044281
220	2.5888107	0.02363032	2.6291127	2.558776	500.0	0.4245625	0.16138242	0.75691736	-0.03639953	1105000	-5.340576e-09	0.0006602372	0.005325318	0.00017667515	0.5352148	0.017071094	0.2682	3.0	241.37749004364014
221	2.6002998	0.021429447	2.642497	2.5664372	500.0	0.4203813	0.16020729	0.7441907	-0.033811167	1110000	4.577637e-09	0.0006935537	0.008765907	-9.0223504e-05	0.535242	0.020430246	0.3346	3.0	242.3824679851532
222	2.5988574	0.027869653	2.6532643	2.545104	500.0	0.42692018	0.16177233	0.75395226	-0.03737746	1115000	-3.1280518e-08	0.0006633112	-0.01173644	0.00014131295	0.53520095	0.006297894	0.1102	79.0	243.6384859085083
223	2.6082654	0.018914083	2.6419413	2.5788174	500.0	0.43456948	0.1619327	0.7501516	-0.046521276	1120000	2.2888184e-08	0.00076731853	-0.0136218155	-0.00017543364	0.5302167	0.009254393	0.1296	79.0	244.88172507286072
224	2.606502	0.029433733	2.6491287	2.5647743	500.0	0.42779008	0.16157247	0.750024	-0.03788802	1125000	-3.4332274e-08	0.00061429606	-0.012904494	1.1100783e-05	0.52971333	0.00939523	0.1218	79.0	246.1302638053894
225	2.612927	0.015805047	2.6390817	2.5817938	500.0	0.4316985	0.16080938	0.7554267	-0.028553486	1130000	-4.348755e-08	0.0006989557	0.0014475838	-6.8812864e-05	0.52726424	0.015386761	0.2346	2.0	247.09026908874512
226	2.624578	0.041141585	2.6805112	2.5223703	500.0	0.43220142	0.16280138	0.7593373	-0.03409341	1135000	-2.2125244e-08	0.00053439476	-0.01276132	-1.4422229e-05	0.5271782	0.009439583	0.1202	79.0	248.3668041229248
227	2.621448	0.028682102	2.6604154	2.5797122	500.0	0.43124804	0.16258273	0.7572522	-0.036763012	1140000	8.392334e-09	0.00066907884	0.0024766822	2.2728927e-06	0.52245975	0.015313307	0.2368	12.0	249.38345503807068
228	2.618177	0.028614901	2.6767619	2.569447	500.0	0.4294985	0.16160093	0.75144994	-0.040099323	1145000	-6.866455e-09	0.0006833598	0.0018526725	-2.7943752e-06	0.5218125	0.017353233	0.216	1.0	250.35758590698242
229	2.6058996	0.025723385	2.661619	2.5721898	500.0	0.4301253	0.16175875	0.7601039	-0.035659418	1150000	-3.2043456e-08	0.0005419884	0.0036469186	1.6158272e-05	0.5217408	0.020333827	0.2746	3.0	251.31539487838745
230	2.6258447	0.025198588	2.6682208	2.589168	500.0	0.4286954	0.16153611	0.76022965	-0.03329508	1155000	3.5858154e-08	0.00059223775	-0.013768835	-5.6344084e-05	0.5212633	0.008934507	0.1242	79.0	252.64722394943237
231	2.6239414	0.024169996	2.6727126	2.5933886	500.0	0.42865527	0.16259402	0.7558669	-0.044394076	1160000	1.5258789e-09	0.0006073859	0.0083014695	6.110809e-05	0.51300776	0.020482767	0.321	6.0	253.7824559211731
232	2.630526	0.018772192	2.6600268	2.6034126	500.0	0.4395076	0.16195832	0.76227164	-0.033703193	1165000	-3.6621095e-08	0.0006044295	0.0033785782	-7.972628e-05	0.5122843	0.020057306	0.2748	1.0	254.75741600990295
233	2.609712	0.025693934	2.6565216	2.5607624	500.0	0.4334252	0.1625635	0.7658202	-0.03959869	1170000	-1.9836426e-08	0.00065722706	0.006133131	-5.8400678e-05	0.512125	0.022324927	0.3218	3.0	255.82111191749573
234	2.614633	0.016516889	2.6517348	2.5956373	500.0	0.42959657	0.16182207	0.7574309	-0.040526703	1175000	2.2888185e-09	0.0005169338	0.003031768	-1.3714074e-05	0.5118268	0.01667432	0.2826	3.0	256.9162549972534
235	2.6218066	0.026479533	2.6585853	2.5745845	500.0	0.43007714	0.16289784	0.75803554	-0.0412717	1180000	-5.0354004e-08	0.0005879079	0.0018465904	1.0378601e-05	0.51164913	0.015210161	0.181	5.0	257.9234130382538
236	2.6240163	0.01612164	2.6437478	2.5815377	500.0	0.42800683	0.16210757	0.7561694	-0.044352427	1185000	-1.9836426e-08	0.0005444681	0.022699567	9.617634e-05	0.51131904	0.030302582	0.461	1.0	258.8795108795166
237	2.609422	0.02521341	2.6525974	2.5587249	500.0	0.42678788	0.16260436	0.75163937	-0.046707958	1190000	-3.4332274e-08	0.0005963904	0.014584586	-4.2617263e-05	0.51125836	0.025025802	0.3298	1.0	259.9582448005676
238	2.6099133	0.024185985	2.6456466	2.569417	500.0	0.4296536	0.16243546	0.7580224	-0.042540982	1195000	-5.340576e-09	0.0005542417	0.00976553	-2.559158e-06	0.51120424	0.019980405	0.3004	1.0	260.91461205482483
239	2.6098685	0.030343844	2.6563892	2.56401	500.0	0.42610097	0.16288261	0.7587767	-0.042838305	1200000	3.7384034e-08	0.0006358393	0.009264782	6.638584e-07	0.511164	0.021417322	0.3572	3.0	261.9989309310913
240	2.610607	0.024613857	2.64786	2.5661035	500.0	0.4264339	0.16274412	0.7557142	-0.042724535	1205000	-2.9754638e-08	0.00053010933	0.0060524745	2.8415816e-06	0.51102006	0.018061565	0.2788	1.0	263.1585009098053
241	2.6341844	0.041299716	2.7171717	2.5875678	500.0	0.42492318	0.16252613	0.7451593	-0.04993546	1210000	-2.822876e-08	0.00080732146	0.008902833	0.0007376351	0.51096374	0.028150879	0.356	3.0	264.1840629577637
242	2.6083019	0.036779307	2.6814919	2.5633109	500.0	0.46535283	0.16114776	0.7930076	-0.014884561	1215000	-5.0354004e-08	0.002060508	0.005149145	-0.0013707806	0.51087177	0.018265767	0.2442	3.0	265.41657185554504
243	2.6230664	0.022591807	2.6495569	2.5698574	500.0	0.42924023	0.16237745	0.75952107	-0.03950794	1220000	5.264282e-08	0.00054993737	-0.013862347	-2.6350026e-05	0.5108065	0.008045005	0.1284	79.0	266.74722385406494
244	2.610395	0.028101357	2.6576898	2.5585015	500.0	0.4316795	0.16307008	0.76010245	-0.0438589	1225000	3.8909914e-08	0.00058552914	0.0015009445	-2.0253123e-05	0.506878	0.016639436	0.293	2.0	267.70449113845825
245	2.6120937	0.027837755	2.656408	2.5607777	500.0	0.42989478	0.16210072	0.7615354	-0.042491958	1230000	-1.7547608e-08	0.0005287029	-0.013539835	2.5823247e-06	0.5069462	0.010576301	0.121	79.0	268.9703598022461
246	2.6176853	0.03223939	2.6550686	2.5506563	500.0	0.43176773	0.16262592	0.76306546	-0.042737246	1235000	-3.0517577e-09	0.0005548299	-0.0033459915	-1.2159289e-05	0.50348514	0.015350627	0.1548	5.0	269.93987488746643
247	2.6332586	0.024683498	2.6838791	2.588409	500.0	0.43172744	0.16221075	0.76023906	-0.04293132	1240000	4.577637e-09	0.00048586904	-0.01145464	-6.5962377e-06	0.5033776	0.0066992887	0.1104	79.0	271.19876885414124
248	2.6255887	0.022093216	2.6633039	2.5839121	500.0	0.43200234	0.16234681	0.7612896	-0.04486896	1245000	-1.0681152e-08	0.00046982316	0.0015857903	8.000352e-07	0.50436914	0.016736075	0.1868	2.0	272.1680610179901
249	2.619689	0.024906635	2.6700778	2.5813003	500.0	0.43216476	0.16209365	0.7573024	-0.04433088	1250000	4.4250488e-08	0.000494294	-0.013269146	0.00013687502	0.5043013	0.007017012	0.1228	79.0	273.52241587638855
250	2.6297326	0.025734764	2.6618886	2.5954823	500.0	0.4371702	0.16164128	0.7771457	-0.035827354	1255000	-5.340576e-09	0.0006698166	0.0006588478	-7.0967304e-05	0.49902898	0.016070066	0.221	2.0	274.50346875190735
251	2.6248384	0.025752066	2.6671069	2.5921211	500.0	0.43354946	0.1621833	0.7576955	-0.049931154	1260000	2.3651124e-08	0.0005473451	-0.012620074	0.00012487022	0.49902725	0.010306193	0.1236	79.0	275.77773904800415
252	2.6374843	0.012836443	2.6552196	2.6132371	500.0	0.44909453	0.16270718	0.76390785	-0.04422997	1265000	-3.0517577e-09	0.0008186117	0.0021305152	-0.0003892398	0.4967671	0.016081473	0.2456	16.0	276.8041069507599
253	2.618515	0.022254745	2.6549788	2.5768878	500.0	0.43451503	0.1632674	0.7680944	-0.047558457	1270000	1.8310548e-08	0.0005329025	0.030193908	4.6238012e-05	0.49488658	0.05766997	0.5356	1.0	277.7931830883026
254	2.6132243	0.031250693	2.6700163	2.5697842	500.0	0.4334831	0.16275397	0.77615273	-0.038804322	1275000	-7.6293943e-10	0.0005654359	0.022906246	0.0007530513	0.4947432	0.033601735	0.4004	1.0	278.8417921066284
255	2.6212919	0.029879704	2.6673071	2.5665183	500.0	0.40176994	0.16362765	0.74317724	-0.06477125	1280000	-2.6702882e-08	0.0013118933	0.010623706	-0.00088756176	0.49462613	0.016801178	0.2706	1.0	279.7741861343384
256	2.6266654	0.02551603	2.6659024	2.5883589	500.0	0.43119106	0.16214228	0.7627969	-0.04711859	1285000	4.348755e-08	0.0005061538	0.00471762	0.00018285884	0.49451032	0.017350977	0.2196	1.0	280.7185490131378
257	2.6175647	0.013686218	2.6465309	2.6022515	500.0	0.4323156	0.16176024	0.7622436	-0.038494855	1290000	-2.6702882e-08	0.0006018195	0.0034277283	-0.00015805679	0.49441907	0.018221015	0.2548	3.0	281.687136888504
258	2.60278	0.019245619	2.6351795	2.564246	500.0	0.42985722	0.16207066	0.76502633	-0.044318154	1295000	-5.340576e-09	0.00044507385	0.0033915848	6.749178e-07	0.49413702	0.020544065	0.313	1.0	282.6290719509125
259	2.6240156	0.026612563	2.6686442	2.5794559	500.0	0.42742485	0.16281493	0.75793207	-0.047892228	1300000	6.713867e-08	0.0005298762	0.007841417	-2.1135027e-05	0.49403235	0.016579602	0.3136	1.0	283.5658609867096
260	2.629543	0.024957487	2.66742	2.586393	500.0	0.43319735	0.16239305	0.7687893	-0.041346014	1305000	-1.6784668e-08	0.00041785507	0.011932423	-3.78408e-06	0.49395272	0.032077376	0.347	3.0	284.52075386047363
261	2.6241336	0.023580167	2.6516776	2.5832622	500.0	0.433004	0.16348659	0.76336664	-0.043999895	1310000	1.2969971e-08	0.0004464487	-0.012001106	-2.4242414e-05	0.49380055	0.010395256	0.108	79.0	285.7937879562378
262	2.6022208	0.03923772	2.6759648	2.531815	500.0	0.43251577	0.16248195	0.764872	-0.048394263	1315000	-2.89917e-08	0.00055532303	0.0010985096	-1.9547646e-05	0.49170813	0.016632479	0.2212	2.0	286.73894691467285
263	2.6306033	0.0204407	2.6629627	2.5969083	500.0	0.42786875	0.16171776	0.76658386	-0.042802513	1320000	2.6702882e-08	0.0004934269	-0.013213947	-7.05313e-05	0.49161577	0.009471263	0.1458	79.0	288.0102069377899
264	2.6320662	0.0117997555	2.6532633	2.6131275	500.0	0.43675503	0.16278501	0.7696213	-0.0423124	1325000	-1.8310548e-08	0.00042705404	-0.012081563	-1.882622e-05	0.49179414	0.010355302	0.1424	79.0	289.2681670188904
265	2.6271424	0.016447632	2.6446443	2.5898285	500.0	0.4336713	0.16243848	0.764882	-0.048046693	1330000	4.9591065e-08	0.0004296397	-0.0065599983	-4.318892e-06	0.48827687	0.016738497	0.2356	27.0	290.36946201324463
266	2.6389298	0.030653734	2.695968	2.581169	500.0	0.43160352	0.16323052	0.7626127	-0.049945354	1335000	9.155274e-09	0.00042453894	0.0019658518	-1.2963195e-05	0.48575613	0.0172488	0.239	1.0	291.3646159172058
267	2.6260781	0.019641228	2.6603587	2.5857446	500.0	0.4357152	0.16305313	0.7638837	-0.05224356	1340000	-1.2207031e-08	0.00048537945	0.0005108963	0.00021558421	0.48564383	0.017682796	0.3068	9.0	292.3528769016266
268	2.619281	0.027793527	2.6532829	2.565549	500.0	0.44616103	0.16170119	0.7849963	-0.035939574	1345000	2.2888184e-08	0.0007563547	0.006766935	-0.00026194222	0.4859072	0.01574132	0.2382	3.0	293.30634093284607
269	2.6239486	0.018544327	2.655741	2.599137	500.0	0.42399892	0.16371049	0.7604786	-0.055471808	1350000	-1.6021728e-08	0.00048129435	0.0016505867	-5.6717778e-05	0.48616686	0.018731702	0.2724	3.0	294.3533239364624
270	2.6254742	0.023893287	2.6561763	2.574246	500.0	0.43168712	0.16293912	0.7684449	-0.049368277	1355000	7.2479246e-08	0.00046221114	0.009175543	2.6898633e-05	0.4862972	0.02259249	0.3442	4.0	295.3190517425537
271	2.6269848	0.024616357	2.664051	2.5925865	500.0	0.4324062	0.16373664	0.7616138	-0.058403686	1360000	-3.2806398e-08	0.00051319343	0.042150736	-3.4932542e-05	0.4862586	0.06523201	0.5796	1.0	296.28058099746704
272	2.6398165	0.02685254	2.6726618	2.5988054	500.0	0.4318081	0.16286126	0.76411474	-0.04727605	1365000	-6.1035155e-09	0.0004408657	0.034766547	0.000890586	0.486215	0.05109054	0.5104	1.0	297.2679178714752
273	2.638846	0.013977989	2.6595933	2.6153684	500.0	0.4709959	0.16015941	0.8144538	0.0007469207	1370000	1.373291e-08	0.001938776	0.03716287	-0.0014300373	0.48618266	0.050034255	0.5422	1.0	298.30437779426575
274	2.6521075	0.019368095	2.6878533	2.6133816	500.0	0.43511847	0.16259935	0.76299036	-0.042878047	1375000	-2.2125244e-08	0.00044232965	0.01950559	-4.9301365e-05	0.48616	0.019617481	0.3536	1.0	299.27107286453247
275	2.641724	0.020134062	2.6695454	2.5982075	500.0	0.43759364	0.16301861	0.77644634	-0.050270945	1380000	4.4250488e-08	0.00041560607	0.011353018	-1.1342519e-05	0.48613086	0.026855493	0.3974	18.0	300.3065071105957
276	2.648302	0.017969979	2.679764	2.6248522	500.0	0.43608907	0.16277699	0.7740257	-0.051123947	1385000	1.9836426e-08	0.0004019308	0.00039586637	-4.7851354e-06	0.48557827	0.017680572	0.2434	14.0	301.3167428970337
277	2.6536043	0.016818766	2.6756456	2.6176867	500.0	0.43720517	0.16365035	0.77553856	-0.05062674	1390000	4.6539306e-08	0.00038332748	0.031921525	-7.41682e-07	0.48276868	0.05231342	0.5336	1.0	302.28614592552185
278	2.6291394	0.023088537	2.659522	2.569089	500.0	0.43481338	0.16366594	0.777042	-0.055801198	1395000	-6.866455e-09	0.0004398962	0.024810478	-1.2043078e-05	0.48251835	0.03746116	0.4346	1.0	303.2452619075775
279	2.616613	0.02223834	2.6576948	2.5779684	500.0	0.43255892	0.1633933	0.76695347	-0.05011548	1400000	-1.8310548e-08	0.0004145935	0.020434773	-1.44398655e-05	0.48228836	0.027378576	0.403	1.0	304.18794775009155
280	2.6324043	0.020850198	2.672491	2.6028974	500.0	0.43178242	0.16239467	0.7684134	-0.05195111	1405000	-1.5258789e-09	0.00040088873	0.01881815	-1.3606594e-05	0.48207694	0.031907327	0.4186	1.0	305.14286184310913
281	2.626819	0.022530006	2.6825342	2.6009307	500.0	0.4368455	0.16247912	0.77855384	-0.05103062	1410000	9.918213e-09	0.00040107302	0.013852074	-1.131653e-05	0.48189408	0.021950427	0.331	1.0	306.10668873786926
282	2.6102955	0.020606367	2.6586678	2.582466	500.0	0.43418124	0.16150686	0.7746371	-0.051718473	1415000	-2.2888184e-08	0.00040114904	0.010692799	-2.1417683e-05	0.48170465	0.020516008	0.3158	1.0	307.0786247253418
283	2.606616	0.03140689	2.644333	2.5527723	500.0	0.43142235	0.16167744	0.77800584	-0.053279936	1420000	2.89917e-08	0.0004762465	-0.00060744473	-2.1472253e-05	0.48151812	0.016810024	0.213	2.0	308.1429660320282
284	2.5933833	0.02716338	2.646784	2.551797	500.0	0.43126455	0.16043088	0.7729484	-0.052797705	1425000	-4.5776368e-08	0.0004514201	0.0026421456	-3.177786e-05	0.481154	0.016563917	0.2582	14.0	309.16666984558105
285	2.6015906	0.02605423	2.6362665	2.5546994	500.0	0.42750555	0.16234538	0.7651103	-0.052407876	1430000	-6.866455e-09	0.00047014872	-0.014549185	0.00017951292	0.4795247	0.007837766	0.1392	79.0	310.4258677959442
286	2.6228907	0.017760755	2.6494024	2.5888848	500.0	0.43824112	0.16080363	0.7660209	-0.049366683	1435000	-2.5939942e-08	0.0005787932	-0.013166827	-0.00016520708	0.4778443	0.009155385	0.122	79.0	311.68771290779114
287	2.6344628	0.023784447	2.6736457	2.590035	500.0	0.43371436	0.16233282	0.780579	-0.05198799	1440000	8.621216e-08	0.00043088602	0.0072408165	-3.6849524e-06	0.48079145	0.01768788	0.2642	3.0	312.793781042099
288	2.6338103	0.018419374	2.6584277	2.606563	500.0	0.43413877	0.16253272	0.7880456	-0.05156882	1445000	-3.8146974e-09	0.0004337896	0.017027583	6.018876e-06	0.4807009	0.020402722	0.3664	1.0	313.80760407447815
289	2.6065462	0.03222864	2.6665416	2.5566287	500.0	0.43458515	0.1632728	0.77831185	-0.05911684	1450000	2.746582e-08	0.00042377328	0.01135293	0.00043546534	0.48062322	0.017578479	0.2824	1.0	314.7897789478302
290	2.6203043	0.036343228	2.6898305	2.5566833	500.0	0.40950516	0.16241269	0.7806947	-0.06334624	1455000	-8.010864e-09	0.0012737521	0.0101518715	-0.0007191721	0.48051348	0.028888488	0.3762	1.0	315.83883810043335
291	2.6151104	0.04148774	2.6726172	2.5192518	500.0	0.4359202	0.15957531	0.7668302	-0.049411684	1460000	-2.2888184e-08	0.00061845384	0.011836644	-0.00012601091	0.48043492	0.018220104	0.3008	1.0	316.8302969932556
292	2.6253	0.06175668	2.7455637	2.5096192	500.0	0.43211523	0.16047263	0.7759601	-0.047262773	1465000	2.0599366e-08	0.00069059647	0.0035574166	-6.842858e-05	0.4803584	0.015509578	0.2682	5.0	317.83269596099854
293	2.620625	0.038652938	2.6916513	2.5717266	500.0	0.4348224	0.16094655	0.79640067	-0.051922098	1470000	3.7384034e-08	0.00050862425	0.00610944	-3.3583725e-05	0.47959077	0.016426723	0.2204	1.0	318.795627117157
294	2.623664	0.036466666	2.6911395	2.5568075	500.0	0.43313345	0.16341862	0.796254	-0.05263318	1475000	-6.3323974e-08	0.00046626493	0.0061980444	-1.3176119e-05	0.47941542	0.015456247	0.2498	1.0	319.742791891098
295	2.6277983	0.028704626	2.6588955	2.5552154	500.0	0.43291122	0.16294242	0.79673725	-0.05267577	1480000	-2.9754638e-08	0.00044274627	0.014424397	-1.6047357e-05	0.47923186	0.027135883	0.367	11.0	320.7196481227875
296	2.6213787	0.038252823	2.6711526	2.5311334	500.0	0.43470284	0.16294403	0.7971107	-0.054917827	1485000	-6.0272214e-08	0.00048882747	0.031740643	0.00022561284	0.4788116	0.037867106	0.4518	1.0	321.68011498451233
297	2.6149302	0.029310519	2.6602156	2.5543358	500.0	0.45159522	0.16115177	0.81085366	-0.036536694	1490000	4.7302247e-08	0.0008145979	0.026917888	-0.0003899971	0.47883594	0.04667303	0.4746	1.0	322.7142159938812
298	2.576296	0.058498014	2.649473	2.4703727	500.0	0.43217012	0.16300313	0.79378796	-0.052511662	1495000	5.340576e-09	0.0006483792	0.01654436	-5.002052e-05	0.4788543	0.023916861	0.3516	1.0	323.71354389190674
299	2.563887	0.025298096	2.6059425	2.5241854	500.0	0.42652354	0.16056713	0.7835902	-0.05192125	1500000	2.5939942e-08	0.00051430555	0.009621544	-1.972809e-05	0.47884542	0.025575535	0.3618	5.0	324.6740388870239
